166.67
169.5351
169.5142
175.5311
174.8177
169.2209
168.0004
171.1153
171.4551
168.5868
169.6763
167.8017
166.1748
166.1717
167.6585
165.747
165.8551
168.4261
164.3605
167.3313
169.7406
168.3348
165.9795
164.0751
159.9684
157.3416
161.5181
162.7213
161.9475
162.0708
162.061
162.7498
163.1984
159.7605
156.4941
156.198
152.7141
154.2917
152.6896
152.7849
155.0943
154.7974
153.3805
153.126
153.6102
156.6392
157.9793
155.1516
155.4525
154.323
152.6744
149.195
148.5
149.037
152.6555
153.3925
154.2549
156.5338
153.4452
153.5396
153.3999
153.0904
156.2346
154.0933
150.2848
152.992
154.5011
159.1031
162.3147
165.2719
166.878
171.6994
167.629
167.5732
170.0057
167.8189
168.8214
166.82
170.1914
171.4753
170.9332
171.1664
175.9742
178.1304
178.8815
175.1864
172.5831
171.3317
169.1478
172.4325
169.06
167.541
167.1193
169.7577
170.9731
168.4952
169.3137
168.9181
167.5859
167.2778
168.3509
169.2279
165.8887
166.0958
162.9992
159.7407
164.2042
164.1319
166.4602
164.9031
166.7193
168.2157
168.9845
175.3674
173.4752
174.1473
176.9829
175.7587
172.1999
169.1681
164.7109
164.9216
160.6037
160.6385
163.2979
166.3065
166.0576
166.1404
165.9616
166.6961
165.7399
163.641
162.0346
164.564
167.2906
166.1706
168.7778
169.8813
171.252
169.3619
167.2253
173.4483
173.6278
171.5769
170.8705
173.9443
174.7918
171.638
169.5739
171.8157
168.3869
170.9199
168.4152
166.796
169.7906
169.9701
169.155
171.0518
168.2002
166.1747
168.4586
170.7961
168.5333
166.9225
168.2666
170.2311
170.8582
171.8902
170.8156
167.377
168.6633
166.7048
167.5391
170.1263
169.5529
166.1991
166.4961
166.8291
163.8449
168.965
172.4927
175.5631
173.1471
177.5427
181.8433
182.1422
180.7855
179.8003
177.0137
177.1186
180.4262
181.044
184.2235
182.2518
177.7912
177.4501
173.1234
175.2378
176.3167
177.056
177.0915
172.6663
171.9558
166.8753
166.7262
167.839
168.5167
169.8179
172.1729
170.1398
172.0348
171.5902
173.3508
171.1356
178.5116
177.903
175.9938
177.8229
178.5768
177.3081
178.2928
177.4882
173.8379
171.7502
171.3566
172.0593
166.4711
167.0849
162.8238
161.9287
160.63
165.3217
165.7126
166.3983
166.2571
168.9417
165.6317
165.063
169.2125
167.9308
165.4855
164.3013
163.2086
163.8338
166.6376
166.2906
164.5388
167.4843
165.8003
164.7211
162.9994
161.0915
160.2286
161.8473
164.1033
162.994
162.5998
164.1993
164.9812
163.5668
166.1948
164.052
163.7247
167.5594
169.5497
167.6692
170.9103
167.8609
165.8414
167.2358
169.4981
170.4457
168.5682
169.3951
169.0093
167.9249
168.0638
168.1784
168.5793
163.6929
164.8534
166.6961
167.923
167.1667
167.6204
169.4697
170.5119
174.5317
171.2067
170.5787
169.4028
171.0157
170.137
166.3271
167.1739
166.4818
164.5515
167.6831
169.4523
168.8908
167.1941
167.8475
165.94
167.683
166.7968
166.4048
168.5404
167.8385
166.2442
167.1374
167.7925
168.2315
168.1096
167.9154
167.5185
164.3743
158.7589
158.2042
161.1833
161.4553
162.6247
167.8198
171.5121
172.3737
176.6798
176.8902
174.8438
179.238
179.6622
181.2902
183.5285
182.8826
180.2166
177.5144
177.7178
178.7682
176.6001
173.0444
171.582
172.4798
171.9824
177.5225
178.3983
175.1689
174.2708
177.9589
177.8263
174.9022
175.0131
173.5305
173.7721
176.3691
180.576
177.7893
183.4228
181.0294
179.9151
175.3242
180.496
185.2851
182.8632
186.7733
186.9268
185.9376
187.2284
188.2629
188.7952
189.2813
189.3536
192.5545
190.5897
188.8413
184.6649
182.8455
183.8283
186.3122
186.7741
190.1343
189.3876
189.5921
187.0449
185.9235
189.1167
187.5281
184.6952
186.5208
186.6719
181.9029
184.6049
182.631
182.287
179.2279
180.0131
179.659
179.3665
175.861
177.8801
181.2359
183.5399
184.0308
184.6948
181.6313
185.9175
187.8091
189.705
190.108
190.0625
194.8043
193.1781
193.4026
190.3064
189.4652
189.0269
191.3866
189.445
190.1805
193.4131
189.3027
186.9076
185.9185
189.914
189.7861
192.2404
194.0485
195.8278
194.9045
193.6539
198.1965
193.6704
197.6408
199.5983
205.1903
209.6834
212.468
212.9168
212.8462
215.0581
214.6882
219.4652
221.2839
223.7533
222.6079
218.3166
220.8503
226.0812
229.0635
229.3157
230.0947
226.0029
229.9759
230.5541
230.1312
230.8754
228.2943
231.5273
230.3186
224.5611
233.5495
235.5756
240.3868
236.8407
243.9413
236.4094
237.0374
235.0158
233.2207
233.5754
231.829
236.5071
237.7596
241.5167
235.2429
239.6463
248.0074
256.7308
259.7284
263.1846
266.2598
260.014
258.5493
257.3601
256.7454
259.0999
256.8314
258.4536
263.3401
263.2278
260.0097
255.879
265.5459
265.4276
260.529
256.5952
257.8115
259.3263
262.7016
261.4747
258.2716
253.047
253.2959
257.7049
256.3808
265.7367
261.3325
258.3208
249.4201
242.9019
241.162
239.613
238.1601
230.3715
235.348
229.4279
230.4439
235.1218
236.4042
237.7759
243.7993
242.3272
241.9675
246.6463
244.0557
245.863
243.0117
244.3563
244.4517
244.0016
245.5374
241.7709
248.8377
248.9428
249.7543
253.5614
258.2279
255.7017
251.6506
250.3765
250.7334
253.5698
258.8331
259.8736
256.4054
254.1045
252.3683
253.2919
250.9265
250.0323
245.6027
247.2301
250.6852
250.0026
252.2245
253.2162
249.464
249.4057
251.2024
247.2039
248.4193
248.1344
243.2666
247.5868
244.0086
244.891
246.2106
243.321
247.2719
248.7558
246.0203
247.8686
250.2513
252.0359
247.4748
249.3228
253.1131
252.6421
249.2003
251.3403
253.0743
252.7428
256.8697
259.4977
258.036
255.0979
249.6206
253.604
253.7731
255.371
254.4468
250.6047
250.0496
250.8424
246.7696
246.7331
246.5235
246.1379
245.0455
241.5337
243.4177
238.4517
238.2099
238.4271
237.2362
239.6009
240.5725
244.4714
241.5324
241.8314
243.9587
245.048
241.4913
240.4822
236.4436
233.7741
228.4619
226.5749
228.5973
232.1948
234.2344
235.1603
243.0387
241.9153
241.8495
241.3221
245.6397
244.6186
244.5435
245.3315
250.7215
249.6853
245.6618
245.9697
244.7762
240.7461
238.6576
241.4047
238.4009
239.1269
243.1661
243.329
244.3993
242.7285
252.3735
249.1374
245.2059
254.733
261.8384
259.657
257.9622
253.5381
252.6803
250.688
253.0029
259.1557
261.5312
263.6791
268.3753
271.9237
271.2012
269.3611
270.5651
270.4572
263.166
262.5541
264.4132
263.7318
266.3374
259.2427
253.5775
254.5116
254.3044
255.4503
250.4854
250.7388
256.0687
263.4898
267.0977
267.2558
269.5219
259.0524
255.0575
257.6983
255.9132
251.1794
253.6799
246.5164
244.3703
255.6417
252.0048
258.5523
252.9617
253.6041
247.9355
248.5639
254.6267
255.9164
256.982
259.1428
259.7558
258.2366
262.8483
263.3568
270.6249
265.8296
260.2657
262.6001
259.7609
257.6909
252.394
251.3299
250.117
248.5393
251.1035
254.9653
252.9839
250.8255
250.851
251.5129
251.3017
251.2476
249.132
248.8891
251.6263
248.0385
246.9332
254.2546
258.7187
256.6649
256.6628
253.5427
255.1181
253.8184
248.9208
249.1457
250.9051
252.0398
250.3149
251.5678
250.2548
249.3499
249.5119
242.6794
249.6272
253.44
250.9969
250.7697
246.7362
243.9678
243.5922
245.6388
249.6456
245.2596
247.1471
248.9989
251.6606
251.0543
244.7512
243.1177
242.7238
247.9955
243.2859
243.2219
244.5647
244.135
248.3988
244.8616
240.6999
241.9045
246.6775
246.5694
240.3504
240.2228
234.3966
232.3323
229.9058
228.5968
226.6869
224.7131
226.2016
226.5936
226.5284
227.5583
225.9484
224.5383
225.1021
224.5801
223.9108
229.3248
231.8014
233.8091
236.1518
230.9152
224.1862
225.11
216.7827
213.9231
210.9921
216.0748
213.3731
213.9339
221.5102
219.0092
218.8327
217.0682
213.6559
210.4918
210.6628
213.2429
218.0156
220.3174
224.2831
224.3265
222.7294
218.4365
219.9947
218.3426
224.4468
223.0883
224.58
222.9182
221.0761
220.229
219.4566
218.3762
218.7973
218.9748
215.1554
216.8135
215.962
214.9312
220.929
220.8545
217.8734
217.0818
218.6149
223.8529
221.7281
220.7328
215.08
215.8586
213.7621
211.9827
215.4427
214.8438
215.3398
217.8541
217.6644
225.0571
218.5225
224.2975
225.1462
218.5695
215.9152
215.2501
219.5776
224.872
222.723
222.4655
215.2202
214.195
212.6156
214.4446
213.9018
212.0561
211.6109
215.2933
214.2084
218.2381
217.6746
215.2939
216.792
216.9584
215.8241
213.303
216.3316
218.0609
215.9867
213.8271
215.8249
214.5421
213.6245
218.0082
217.3466
218.2626
219.2824
215.1619
218.116
214.5915
216.6298
215.4998
212.6946
213.3906
209.0751
204.0145
205.8886
205.5782
208.2581
208.2057
208.0092
205.1767
202.7437
201.9075
201.2846
197.6029
191.8688
190.3317
189.0712
186.6235
184.1316
179.2572
172.9845
174.2034
174.7668
172.0851
170.0635
169.9759
170.991
171.6029
172.7902
165.3901
163.6724
163.0448
165.7234
169.1743
173.6371
173.2759
173.3031
173.1394
175.2478
180.7305
180.3952
179.1792
180.4315
177.9202
179.7108
182.3634
181.4645
178.8378
179.0925
176.036
175.1643
178.2557
179.594
181.1063
182.107
182.3607
182.037
179.8557
184.1213
181.5693
184.7613
181.4084
176.3149
175.5922
175.0427
174.3619
175.4164
178.4386
181.0771
182.1525
188.0578
189.5875
190.3302
188.4358
187.2124
189.6373
189.3485
186.7182
184.6202
183.5175
179.4642
179.8547
179.3547
175.9583
174.2423
175.9603
173.1098
174.3215
172.1433
169.3355
167.4444
169.7198
169.6008
170.8485
169.474
172.2818
169.2429
167.6005
167.4723
169.24
170.5298
173.6314
174.2107
172.9911
173.9862
173.5265
178.2427
176.492
177.0245
178.7819
179.4163
179.6566
178.1465
176.8702
173.2637
174.0554
176.5422
175.7319
174.3478
172.6673
172.2327
170.0988
171.8774
169.8355
170.9809
170.9023
171.045
170.9951
166.1909
165.4567
166.9824
168.7229
166.9518
165.0621
166.3662
163.984
161.7974
160.2411
161.9184
161.1041
163.7689
165.2778
164.1739
164.4869
165.8353
164.5003
169.3849
166.7076
166.1557
167.8479
169.314
168.5675
171.3801
173.22
170.9966
172.3705
169.3789
171.0443
169.2296
167.9983
167.652
169.5201
168.6065
169.7083
172.7708
170.8468
169.5174
168.6254
169.6813
171.7583
168.5067
165.4767
165.6251
163.7756
162.7625
164.133
165.3521
163.0858
162.6537
163.8471
165.3834
166.2911
167.6255
166.523
162.5219
164.7612
163.3061
163.3359
164.0374
166.2703
162.764
165.7844
166.4284
164.2765
159.7781
156.4953
158.4171
156.2955
156.7909
158.4072
162.4638
163.568
161.2868
164.6071
162.4196
157.464
154.7965
153.2633
150.408
149.4181
150.9611
155.2117
156.6172
157.8191
157.4439
158.8442
159.1916
159.9023
161.3015
164.4817
164.3272
161.3726
160.5404
161.2173
162.1996
161.068
163.6116
164.7412
164.1011
163.7401
162.6437
164.9692
161.07
160.2319
163.2943
161.8932
162.2843
162.4874
163.905
168.898
168.4131
169.0045
169.1095
166.9996
164.3638
166.2534
168.2153
167.882
169.4656
170.8073
170.5141
166.3142
165.3185
166.7863
165.2599
169.4757
167.4928
166.2494
165.8281
168.6727
173.1176
172.1179
171.3557
167.8445
170.0306
170.7836
172.3084
172.384
171.7268
172.3563
173.3304
174.73
176.9212
180.2329
179.929
179.7425
181.4804
177.4333
179.6636
180.1858
180.6572
179.0154
177.3843
179.1469
178.3602
175.6717
176.8473
178.0998
177.6937
179.1863
182.0519
177.3541
172.9483
174.8741
177.0982
173.348
173.9772
170.0125
167.0989
170.4803
176.8674
178.1245
178.5458
180.6662
180.5684
178.1439
177.8435
174.7172
176.4962
175.0358
168.3041
169.2805
167.4236
169.1596
166.2457
165.7878
162.5575
163.5033
162.9675
163.6029
158.3774
158.0723
157.4899
159.8926
159.8705
159.5884
160.7419
163.723
162.0836
163.92
165.4023
166.6079
166.9451
167.5808
171.4028
174.1846
173.4207
174.3217
171.8134
172.1144
172.6588
172.4778
174.9906
175.1473
173.8499
172.4713
170.3021
169.2047
170.6561
170.5545
168.4434
163.952
163.8518
170.1796
171.2926
172.0351
166.5167
165.3906
170.6511
168.6198
169.622
171.5367
169.4291
166.5812
167.8202
168.6623
169.4615
166.9138
164.4228
164.8911
162.5192
165.032
164.3638
165.3162
168.2398
169.1589
165.0062
163.4955
164.1561
167.4341
169.8681
167.9034
169.5183
169.6471
176.3
177.6042
176.8229
173.2804
173.6641
172.6288
170.8811
171.3333
171.6148
171.0169
172.3445
168.5958
167.8288
167.5486
169.1854
171.3277
169.9925
174.1041
173.5859
173.6436
174.3423
177.1779
175.3413
178.7829
178.3028
177.1964
175.0564
175.3911
177.6297
176.0099
174.9428
179.8288
181.3797
179.7736
180.6616
187.6651
186.2668
189.3038
196.0921
190.9194
192.5277
191.208
191.6416
193.7421
199.2277
198.6619
195.5559
195.0065
196.8318
199.4736
209.6043
207.1008
213.8473
212.2964
208.9651
208.2397
201.8721
195.8489
193.5769
194.3653
191.3354
191.5285
190.5447
190.5055
188.2927
184.2945
183.4658
184.7536
185.3923
185.2435
188.1744
185.5426
183.7458
185.4185
181.562
178.8512
180.9315
180.7565
179.143
177.9722
185.8572
185.857
184.8999
183.8376
184.3516
184.5592
185.387
187.4643
189.8463
189.7789
192.8344
192.5791
193.7136
195.0983
194.8407
199.7644
195.2991
193.677
193.1521
192.5351
191.205
192.293
188.5337
189.9335
192.5239
190.3551
189.2671
192.4178
189.8473
190.8425
196.8604
196.8691
199.4011
200.4574
201.0418
202.4169
203.1935
201.9956
200.9955
200.982
196.2373
197.8211
201.8359
198.904
200.5483
198.5091
198.8243
196.014
193.3079
195.2899
194.6646
193.3839
197.9911
198.3955
199.7731
196.4731
197.6747
196.9061
198.2498
198.6787
198.9271
196.8309
193.3776
198.3654
200.766
205.3549
200.0858
198.5616
198.5496
198.5355
198.0304
193.6689
194.379
198.0677
201.7401
201.3889
199.2042
198.1671
198.7739
200.2172
197.7152
199.0761
199.078
199.1428
203.4057
200.8632
196.932
196.9547
194.6343
192.4613
195.7923
198.6345
195.6627
193.629
191.7921
195.6981
186.6108
185.9325
186.8279
188.9988
190.3244
185.4823
188.2706
188.953
190.4295
191.8907
192.2796
193.9052
193.4479
186.2908
187.9333
190.4237
184.3312
183.1342
180.3337
179.9918
180.0701
181.5994
181.8436
180.1966
179.6056
176.9455
174.92
175.978
177.4562
179.8111
180.4135
180.9776
184.0058
183.3026
183.1604
180.1262
177.9376
176.8538
177.0073
178.5116
174.7178
176.8623
181.2841
184.4151
184.0519
179.6136
181.6411
180.9347
186.4977
189.5513
186.2314
184.8686
187.5876
184.7826
183.4361
182.5257
186.5034
189.6108
190.3033
189.9222
190.4537
188.7185
189.2335
185.6965
185.1541
187.3528
185.0748
186.7466
190.4
188.0436
188.6904
191.9633
192.813
190.9758
189.4416
192.8992
192.7028
197.1464
198.2663
200.2693
201.4727
200.2159
201.6555
204.1425
204.4943
206.8507
209.4965
208.2379
203.7847
202.6777
201.7751
208.2946
210.1003
213.172
210.9931
210.2397
207.592
203.9618
200.7559
204.4474
205.6371
207.5959
204.844
205.7258
203.0547
209.7304
208.4443
211.138
209.7846
207.023
204.0216
205.6118
204.2139
203.2204
198.0262
198.7681
197.0048
198.0995
201.8049
204.6667
206.7101
209.9308
204.676
206.4428
200.1946
203.8385
206.2164
209.1425
207.1024
212.1253
215.2111
215.4884
214.5219
215.2651
213.8297
212.6992
213.9139
215.9162
215.6509
211.2299
213.3038
214.8992
219.2861
223.2988
219.8515
220.2968
223.7473
224.6325
222.4801
224.7736
228.2592
228.6891
232.7896
229.9915
228.0078
229.8292
228.6894
223.087
226.3107
223.9157
224.9096
223.3708
222.4465
227.0639
231.9787
231.6831
230.1504
228.1487
234.5645
228.723
234.0015
232.5059
233.5427
231.1178
232.2931
234.6374
236.1453
233.5961
235.7703
236.7655
227.5037
232.1056
232.284
236.744
239.6593
240.6044
241.1241
239.1189
236.505
231.3849
232.8059
238.541
236.4634
239.8115
234.4893
231.7108
232.8492
230.6997
230.8545
229.1205
223.554
226.4896
224.536
222.6891
222.4652
223.0752
223.4295
226.8408
225.5879
223.5281
222.9547
222.7848
222.7702
215.5188
216.5112
219.4375
226.622
226.3718
228.3496
222.3901
218.0283
219.2989
222.0867
222.02
224.6572
225.5595
227.7409
226.174
226.9692
226.4328
222.8138
218.5927
212.8564
213.5755
217.8518
221.221
221.4066
219.1807
216.8955
209.4309
212.4549
214.2736
216.277
216.2436
223.5794
225.2956
226.279
227.5948
228.9935
226.1192
228.6903
232.7877
228.0539
237.7551
237.4686
231.0119
233.0547
234.4518
233.4623
235.4512
237.4818
234.3138
230.3242
225.5213
216.3344
218.1359
212.5637
209.1923
205.8804
210.0953
207.9971
209.4345
209.0503
211.6077
211.6386
212.2505
208.2132
204.7005
203.6246
203.1507
204.9674
202.8442
203.8991
201.8317
206.7038
201.872
200.8102
206.2039
206.7545
209.4581
210.0733
210.9454
210.7129
210.8307
207.5966
202.893
203.5115
204.9776
204.1794
210.559
212.8357
211.3015
208.2142
210.5035
212.9903
214.7995
214.3913
215.6251
215.8743
219.0707
217.2783
213.1273
211.8361
210.8953
206.7267
203.5884
205.919
205.3937
204.911
206.1613
202.2784
206.784
206.6731
209.5
206.0375
211.2312
214.8579
213.6365
207.4295
207.0862
208.6572
210.8776
208.8898
215.1609
220.2518
218.1879
219.9487
218.0139
216.1753
219.1239
218.4664
220.1124
221.9753
220.3101
221.6261
216.8784
211.0978
209.6973
207.0889
204.8548
206.0358
208.9193
209.5151
209.4379
212.2207
214.1604
214.2035
211.8899
216.0185
221.5279
218.8724
216.1464
214.0833
212.5319
212.4503
211.2444
211.9752
215.5007
218.5247
221.4077
224.6439
232.2628
228.8338
226.6149
225.9821
225.2409
226.3414
228.8171
226.5513
221.5325
221.3404
224.1335
223.9386
225.5846
224.4768
218.502
220.4022
219.6124
220.6084
221.6137
227.1714
230.4848
234.4129
236.4028
241.4199
240.475
240.2614
237.8904
237.449
233.851
230.205
229.0461
230.5665
228.1545
228.5312
224.9958
229.1519
231.7061
230.2755
227.4944
229.1753
228.3709
222.7714
218.4825
222.6368
220.3509
222.6124
223.0805
227.5966
227.8635
231.6049
234.1978
235.4903
236.2692
238.7546
233.9004
237.7106
236.2724
239.7711
242.4831
242.0953
236.4025
239.4975
239.6328
242.8783
242.4441
244.8522
245.2436
248.3565
246.9787
249.2748
246.4465
244.2237
246.8602
244.0474
244.8931
251.0639
250.0516
251.1015
248.196
251.4188
247.7887
247.4919
251.2081
248.9452
251.0255
251.6449
250.1156
253.4098
255.0898
263.4355
266.1646
265.9956
273.4818
276.5859
274.1777
269.7343
274.5509
285.4059
289.7751
284.9098
281.0151
278.0789
276.2088
272.8866
270.3177
272.4527
270.736
272.2756
275.1706
271.8148
275.0338
276.6406
281.7787
279.9744
280.0436
276.3371
274.6836
272.7125
274.7663
269.7996
265.0517
264.2263
257.2446
258.2101
252.9278
257.4436
258.2184
251.01
252.4371
250.2172
248.1629
245.7039
245.2648
244.912
248.6264
247.7358
244.9097
245.3829
241.7854
242.6071
241.2216
244.8714
243.04
247.0984
244.8958
240.259
246.3507
249.3176
255.7226
255.9592
261.8045
259.6577
262.6883
259.6362
259.175
260.0015
263.0959
263.3287
264.3781
262.757
262.671
263.1981
264.6038
265.0853
262.0899
259.5642
258.2222
254.3052
252.4723
251.532
252.6735
255.9478
252.7498
247.1115
250.6105
250.7315
249.9481
247.3854
245.576
244.4886
246.634
241.5264
240.6748
243.636
242.7291
247.3628
250.392
251.4919
247.0221
248.0663
249.6698
253.9984
254.5271
255.1049
254.5253
254.8207
257.7695
254.078
256.8665
251.6157
254.6038
253.9874
250.5916
250.4394
249.0643
249.5387
244.2776
244.0453
242.7235
245.0209
237.9137
242.4448
244.9416
243.4218
240.888
242.8288
241.6242
236.3599
238.7012
238.9535
238.7325
237.2271
234.8964
236.6393
238.4986
237.3514
237.5558
247.5945
247.1297
250.4148
241.8046
244.248
244.1707
241.87
238.7243
237.0947
236.2835
233.7779
227.1233
226.2717
226.0083
227.8124
228.6085
228.5987
231.7739
237.0737
239.184
238.2564
233.5242
228.2175
218.4172
218.2135
212.8052
206.8849
209.1429
204.5144
201.5607
203.4742
201.5075
202.0124
204.716
203.7927
195.2456
193.3109
193.0329
192.5974
196.0969
196.8834
200.9437
198.0045
195.0675
192.8444
196.0028
195.9958
193.7737
192.4561
192.3988
193.9603
198.5654
203.9653
202.2505
199.4939
200.0088
200.609
200.4172
203.9149
198.2221
197.6937
198.2944
200.3258
203.3839
202.7076
202.5396
208.2468
206.5189
213.4818
208.5601
206.7094
203.1587
203.2469
204.0571
204.8526
203.7219
204.0239
211.4395
208.6916
205.6466
199.6841
198.6875
201.7504
198.8123
201.6869
199.2877
195.9075
195.3502
199.9565
198.9305
199.4952
194.9418
194.5723
194.3507
196.1677
194.2463
196.9575
196.3913
195.5533
195.9067
196.8972
194.7354
194.6929
192.8895
195.1353
195.0991
193.345
192.476
190.1795
189.2314
192.1825
190.3538
193.3412
197.2029
194.8
201.0158
205.142
202.3323
198.7882
196.7522
200.7508
198.1247
196.4614
197.263
197.8514
197.3366
202.9521
202.4188
201.3286
204.4349
202.5996
201.8633
201.766
205.0381
202.4187
204.9362
198.3717
195.4437
195.311
200.2324
199.68
197.4263
197.2025
196.1857
196.5461
195.3146
198.855
199.8712
204.5785
204.7183
203.2119
197.3908
199.0628
