0.2000124
0.1550391
0.1620034
0.1485113
0.1561075
0.1612876
0.1546615
0.1495404
0.1831448
0.1580532
0.1490856
0.1209791
0.1208028
0.1226847
0.1310396
0.140379
0.1776464
0.1749477
0.1788302
0.181164
0.1369484
0.1260748
0.1470132
0.1304972
0.1429769
0.1319178
0.1525988
0.1626445
0.1395201
0.1170723
0.1133541
0.1231486
0.1107126
0.1352198
0.1605664
0.1546898
0.1799834
0.1774611
0.1587908
0.1281719
0.1160421
0.1166072
0.1106519
0.125309
0.1393359
0.1308208
0.1109209
0.1334512
0.1869051
0.1491519
0.1605322
0.1399644
0.1989173
0.1647323
0.181486
0.1565416
0.09534962
0.1200103
0.1087353
0.1115735
0.1138183
0.1364875
0.1554257
0.1360501
0.1427986
0.1160766
0.1595029
0.1341133
0.1367738
0.1266591
0.1279143
0.1102779
0.1097447
0.1283939
0.1188794
0.1355074
0.1224871
0.1772251
0.1468005
0.1455548
0.1238776
0.1790428
0.1295513
0.1453894
0.1374821
0.1337626
0.1371402
0.1700524
0.18614
0.1270887
0.119779
0.1973538
0.1574286
0.1560695
0.1262839
0.1258012
0.1473422
0.1566632
0.1690969
0.1381786
0.150786
0.1501652
0.1378817
0.1490811
0.1473583
0.147362
0.1605729
0.1563839
0.1672745
0.09827522
0.1130285
0.1202959
0.1159493
0.1023659
0.12037
0.09416057
0.147839
0.1285152
0.1217351
0.1112908
0.1141596
0.1245728
0.1274346
0.1214469
0.1443598
0.09765506
0.1326235
0.1480902
0.1064455
0.1190414
0.1117361
0.1259971
0.155085
0.1419953
0.1268803
0.1173114
0.1618082
0.1036033
0.1115172
0.1062662
0.1354253
0.1382642
0.1630178
0.1761695
0.1681031
0.1250454
0.1520557
0.1035745
0.1347153
0.1327883
0.1167492
0.1292787
0.115311
0.1132519
0.1316984
0.1357553
0.1162818
0.1210157
0.1284577
0.1501617
0.1455656
0.1303142
0.1262977
0.1565233
0.1331959
0.1265765
0.1488108
0.1164442
0.1295641
0.1153222
0.1065499
0.1140845
0.1137759
0.1112487
0.1501285
0.1236514
0.1723206
0.1378726
0.1111085
0.11598
0.1310721
0.1253488
0.1306714
0.1408461
0.1243639
0.1286883
0.1232988
0.1203106
0.1429542
0.1620944
0.1130187
0.1132398
0.1063105
0.1066793
0.1245203
0.1016137
0.1553361
0.1469861
0.1368996
0.1315112
0.1206313
0.1221225
0.1670715
0.1357883
0.1652883
0.1414762
0.1830914
0.1526586
0.1464736
0.1453961
0.1644839
0.125139
0.1270787
0.1183418
0.1258561
0.1542753
0.1129834
0.1262399
0.1529612
0.1414425
0.1267597
0.1412859
0.1481981
0.1490201
0.1327624
0.1197131
0.0906776
0.1024494
0.1054044
0.1115581
0.1087532
0.1308819
0.1432942
0.1382677
0.1721246
0.154904
0.1373039
0.125884
0.1129892
0.1168738
0.1626594
0.1506807
0.1385148
0.1296681
0.1471152
0.1320365
0.1496456
0.1397194
0.1249801
0.1556013
0.1411181
0.1341713
0.1298154
0.1344948
0.1145554
0.09810653
0.1082606
0.1483681
0.159611
0.1166525
0.124309
0.1379697
0.1254834
0.1184915
0.1333226
0.1508387
0.1436906
0.140298
0.1192453
0.1306656
0.1702332
0.1647771
0.1589056
0.1180098
0.1244604
0.1114707
0.1275558
0.1326445
0.1382374
0.1431809
0.1251853
0.1180669
0.1214194
0.1168993
0.0973381
0.08172151
0.0700938
0.1018994
0.101678
0.1186946
0.1165416
0.1412149
0.1583706
0.1305743
0.1298939
0.1473246
0.1267233
0.1236793
0.132923
0.15708
0.1327235
0.1493016
0.1590574
0.1231213
0.1099468
0.1069844
0.1124629
0.1335867
0.1379593
0.132045
0.1419737
0.1242765
0.1173005
0.1820616
0.1469462
0.1276767
0.1225741
0.1363987
0.1237796
0.1550371
0.1264373
0.1428743
0.1403395
0.09371295
0.1074402
0.1665237
0.1664064
0.1749937
0.1556886
0.1747683
0.1648327
0.1313602
0.1350528
0.1236689
0.1303213
0.1391942
0.1614751
0.1381906
0.1247713
0.125121
0.1656927
0.1266266
0.1472269
0.1253962
0.1566849
0.1486009
0.1643313
0.1052849
0.1016082
0.09849775
0.132096
0.1143347
0.118307
0.1415611
0.1338246
0.1377749
0.1011048
0.1056403
0.1106136
0.1090535
0.1144888
0.1201528
0.1133632
0.1397953
0.1583445
0.1358714
0.1578837
0.1174671
0.1493226
0.1505317
0.1710265
0.1641251
0.1127163
0.1287544
0.111651
0.1515162
0.1308958
0.1308778
0.132236
0.1197036
0.1204979
0.150084
0.1421895
0.1042107
0.1143244
0.1028384
0.1101184
0.1144316
0.1373863
0.127511
0.1366993
0.1465513
0.1262113
0.1537638
0.1455026
0.1538717
0.1233678
0.1192303
0.1059617
0.1125872
0.1204146
0.1240889
0.1383683
0.1447574
0.1461288
0.1559118
0.1333959
0.1475463
0.1129364
0.1224889
0.1044064
0.09334384
0.1296824
0.1320421
0.1552521
0.1489581
0.1487767
0.1537916
0.1709335
0.1634432
0.1622672
0.1461027
0.1552526
0.1335573
0.1296511
0.1142979
0.1385114
0.1442329
0.1247396
0.1051873
0.0876702
0.08440209
0.118962
0.1147125
0.1170396
0.1576488
0.1548334
0.1906577
0.1401323
0.1245555
0.127932
0.1378626
0.168144
0.1313418
0.09419092
0.1096501
0.09689934
0.1248729
0.09732016
0.1296128
0.1356433
0.09797857
0.1441504
0.1399158
0.1203685
0.1172809
0.153445
0.1641442
0.1722582
0.1533612
0.1309122
0.1482023
0.1492947
0.1259395
0.1631698
0.1367041
0.1188887
0.1119783
0.1205404
0.1203871
0.1387104
0.1263238
0.135084
0.1531072
0.1535207
0.1788402
0.1511985
0.1129232
0.1430899
0.144254
0.1384735
0.1475233
0.1479528
0.1080386
0.1214704
0.110734
0.1222236
0.1380119
0.1447196
0.1422345
0.1635551
0.1831746
0.1697614
0.1667275
0.1142837
0.1171203
0.1301348
0.1404782
0.1230486
0.1429364
0.1240333
0.1324216
0.1611707
0.1874404
0.1326673
0.154544
0.1635526
0.1691852
0.1451749
0.1275477
0.1398657
0.1864182
0.1690014
0.1473011
0.1087791
0.1066477
0.09060662
0.1227878
0.1116463
0.1490834
0.1631834
0.1133213
0.1174673
0.1232368
0.1373515
0.1235275
0.1363608
0.1682127
0.1647093
0.206723
0.1667257
0.1509121
0.1513252
0.1529945
0.1308997
0.1364078
0.1068558
0.1293254
0.1151928
0.1091615
0.09371086
0.1157426
0.1433683
0.121476
0.1387429
0.1518018
0.1334926
0.1740306
0.1329986
0.1523014
0.1614521
0.1576302
0.1495882
0.1380637
0.09273052
0.1290003
0.1801266
0.1698022
0.1407022
0.1168879
0.1238064
0.129606
0.1336891
0.1202173
0.1467165
0.1308273
0.1270267
0.1444382
0.1111369
0.1272427
0.1627625
0.1691652
0.1324446
0.1449087
0.120597
0.1631053
0.1590119
0.1539885
0.09446594
0.1251181
0.1253962
0.1707818
0.1551477
0.147933
0.1430384
0.1598255
0.1544797
0.147069
0.127965
0.1382899
0.161585
0.1952377
0.188171
0.1361591
0.1356008
0.1407841
0.1177576
0.13822
0.1538238
0.1643694
0.1505107
0.1476017
0.1209712
0.136123
0.1296993
0.1319087
0.1517564
0.1281794
0.12294
0.1133009
0.1170252
0.1304088
0.1295724
0.1411712
0.1597062
0.1369729
0.1306564
0.1602793
0.1099496
0.1033077
0.106096
0.1613893
0.1502393
0.1192084
0.1162111
0.1119807
0.1604463
0.1528183
0.1555991
0.1285511
0.1290458
0.1266767
0.1303343
0.1452613
0.1261362
0.1061725
0.1496673
0.1811102
0.1926955
0.1601371
0.129767
0.1733943
0.1140667
0.1331694
0.13061
0.1466695
0.1094694
0.1294374
0.1470022
0.20072
0.2030265
0.1612741
0.147228
0.1435635
0.1535803
0.1489639
0.1277732
0.1169068
0.1087809
0.09879302
0.1117499
0.1336077
0.144377
0.1410108
0.1224407
0.1381648
0.1397636
0.1180172
0.1627636
0.1496491
0.1424583
0.1495099
0.1790797
0.1494666
0.157878
0.1487737
0.1358484
0.1244724
0.1445231
0.18114
0.1785171
0.1747834
0.1397789
0.1273744
0.1371008
0.1531531
0.1458631
0.1129895
0.1234763
0.1485429
0.1538339
0.16191
0.1477384
0.1558631
0.120992
0.1554022
0.1625832
0.153054
0.1166047
0.1336798
0.1382509
0.1418653
0.1379772
0.1022839
0.1115094
0.1282279
0.1566028
0.1464433
0.1375492
0.18642
0.1585536
0.1789578
0.1540264
0.1242883
0.1052841
0.1188915
0.09946987
0.1174132
0.1270657
0.1455876
0.1602666
0.1562385
0.1477001
0.1580285
0.1249075
0.1514166
0.1319226
0.1188916
0.1189323
0.1535537
0.1364551
0.1799779
0.1682295
0.1287454
0.1136807
0.1319443
0.1198938
0.1689099
0.1799387
0.154598
0.154371
0.1646643
0.1712639
0.1500521
0.1233298
0.1795308
0.1444422
0.1457716
0.144482
0.117778
0.1330783
0.1491482
0.1645693
0.1532214
0.1353906
0.1393135
0.1303855
0.1204837
0.1203275
0.1255422
0.1348179
0.1299875
0.1485725
0.1240921
0.1635432
0.1105572
0.1536212
0.1497406
0.1767535
0.1598171
0.1410472
0.1429895
0.1345715
0.1243628
0.1110644
0.1275865
0.139707
0.1580874
0.166051
0.161035
0.141344
0.1319734
0.1372837
0.1407704
0.1466613
0.1364077
0.133099
0.1491717
0.1227283
0.1309411
0.1551097
0.1584373
0.1356659
0.1461121
0.1479022
0.1069205
0.1366136
0.1490561
0.1146758
0.1305356
0.1407526
0.1894875
0.1668013
0.1576627
0.139088
0.1429024
0.1010671
0.1440291
0.1393047
0.1505124
0.1616938
0.1713867
0.1603004
0.1759255
0.1498299
0.1580997
0.1524252
0.1287088
0.1312418
0.1216388
0.132518
0.1479625
0.1173884
0.1197703
0.1629137
0.1730423
0.1611929
0.1701524
0.1615182
0.1246165
0.136099
0.1175104
0.1028359
0.1625916
0.1309404
0.1378286
0.1588001
0.1474186
0.1272176
0.1341945
0.1458069
0.1260438
0.1544564
0.1404509
0.1486854
0.106217
0.1158285
0.1610691
0.1732532
0.1509332
0.1261041
0.1725566
0.1315987
0.1436558
0.1468839
0.1530288
0.1417768
0.1361694
0.151063
0.1628318
0.1404493
0.1201542
0.1300431
0.1509009
0.1628982
0.1609669
0.1218029
0.1292666
0.1501815
0.1607463
0.1576458
0.1328026
0.1353218
0.1425748
0.1538634
0.150148
0.1475533
0.1540635
0.1364287
0.1355181
0.1269971
0.1369113
0.1466083
0.1602494
0.1508766
0.125828
0.1366978
0.1582318
0.1802584
0.1658894
0.1682315
0.1686879
0.1672863
0.1419173
0.1565159
0.1610131
0.125137
0.126345
0.1409943
0.1613766
0.1287118
0.1688273
0.1391944
0.1283195
0.1169195
0.1221237
0.1400965
0.1471027
0.130812
0.1204349
0.1220174
0.1603292
0.1423078
0.1197301
0.126209
0.108237
0.1073186
0.1294471
0.1186903
0.1380337
0.1543496
0.152534
0.1370867
0.1264887
0.1538027
0.1466115
0.121098
0.1088559
0.1229117
0.1141818
0.125626
0.148766
0.1407868
0.1282416
0.1565419
0.1878111
0.1158442
0.1436442
0.1817979
0.1323344
0.1347997
0.1640799
0.1609178
0.1556894
0.1343644
0.1463164
0.1521353
0.1139626
0.1477345
0.165333
0.1604885
0.1273551
0.1417861
0.1192337
0.1522826
0.1649333
0.1258375
0.1193777
0.1396963
0.1436191
0.1634154
0.164676
0.1488841
0.161421
0.1412233
0.1146519
0.1036632
0.1221071
0.1257705
0.1644317
0.1435818
0.1458794
0.1409346
0.1321461
0.1138412
0.1327059
0.1555733
0.1259635
0.1242635
0.178383
0.144373
0.1280773
0.1290448
0.1303846
0.1105516
0.1232863
0.08579631
0.1257513
0.1257466
0.1608633
0.129516
0.1242681
0.1112581
0.1175695
0.126242
0.1196105
0.1636415
0.1481741
0.1472709
0.155217
0.1393036
0.1255309
0.1176603
0.1331234
0.1319905
0.1397886
0.1804615
0.1300237
0.1388245
0.136212
0.1604491
0.1274202
0.1058457
0.1297368
0.1049787
0.1008084
0.1105749
0.134547
0.1402103
0.1500008
0.1296259
0.1598328
0.148494
0.1433003
0.1186573
0.167594
0.1267352
0.1377605
0.1602368
0.1356342
0.1384886
0.134842
0.1209904
0.1408138
0.139535
0.1556357
0.1470609
0.152879
0.1712035
0.1426518
0.1120468
0.1317525
0.1571749
0.1417485
0.1336574
0.1256944
0.1344332
0.1311849
0.1419919
0.1152103
0.1027455
0.1284771
0.1234684
0.1055404
0.1392024
0.1314766
0.1400738
0.1893649
0.148329
0.1392964
0.1709825
0.1381689
0.1451449
0.1458002
0.09445954
0.1195302
0.1187278
0.09437328
0.103202
0.1059129
0.0938583
0.114028
0.1149742
0.1371401
0.1316466
0.1620783
0.1345799
0.1289413
0.1216109
0.1072125
0.1132064
0.1257687
0.1264265
0.1318095
0.1224626
0.1681241
0.1058819
0.1156141
0.1456124
0.1485222
0.1604029
0.1592843
0.1694645
0.1580139
0.1513204
0.1302198
0.1080058
0.1102606
0.1435585
0.1458483
0.1521782
0.1151932
0.1407421
0.1373343
0.1110343
0.1224121
0.1331613
0.1592968
0.1316344
0.1323378
0.1385384
0.1613186
0.1340021
0.127114
0.1226219
0.1335537
0.1385417
0.1355791
0.1576414
0.1768425
0.1352221
0.102138
0.1200635
0.1150504
0.1181686
0.1350189
0.1197202
0.1229656
0.08580907
0.1167687
0.129934
0.1192734
0.1676788
0.1028796
0.149944
0.1972873
0.1930083
0.1201753
0.1352113
0.1557356
0.1255951
0.1547315
0.170505
0.1221695
0.129799
0.1749767
0.1389681
0.1779987
0.1431218
0.1107894
0.1137386
0.1195279
0.1140231
0.1050719
0.0961988
0.08441291
0.1137841
0.1281541
0.116792
0.1331379
0.1364045
0.1435879
0.1287741
0.1537067
0.1565874
0.1570424
0.1449253
0.1553179
0.1877081
0.1350823
0.2027819
0.1670144
0.1320145
0.1384863
0.1153525
0.1487327
0.1598642
0.1830778
0.1442428
0.1265452
0.1371103
0.1472881
0.1597958
0.143534
0.1664263
0.1350216
0.1189671
0.1157221
0.1609078
0.1111479
0.1234966
0.09412208
0.09717967
0.1307373
0.1383324
0.1559114
0.1511584
0.1479835
0.1300783
0.1343446
0.1251632
0.1410327
0.1314135
0.1493676
0.135713
0.1206388
0.1789421
0.1244045
0.1193123
0.1236468
0.1497552
0.1878544
0.1467012
0.1441961
0.1509058
0.1326825
0.1248031
0.1010365
0.09219551
0.1034328
0.08946547
0.1201781
0.1380899
0.1344352
0.1246708
0.1057248
0.1534302
0.1288901
0.1296757
0.1006756
0.1418681
0.1382767
0.1373395
0.1866129
0.1675599
0.1430372
0.108821
0.1372142
0.1519111
0.1639363
0.1235011
0.1320177
0.1301175
0.127553
0.1351721
0.1245502
0.1205641
0.1526477
0.1273822
0.1453345
0.1385971
0.142878
0.1424185
0.1333937
0.1219637
0.1193337
0.115334
0.1289191
0.1358706
0.1545085
0.1842471
0.1722714
0.1206391
0.1322001
0.16226
0.1395647
0.138504
0.128656
0.1501976
0.1574943
0.1490796
0.1434868
0.1129326
0.1319618
0.1248617
0.1133931
0.1119886
0.1018549
0.1425663
0.119393
0.1373474
0.1214089
0.1078488
0.1152564
0.1582055
0.1415236
0.1281992
0.1287943
0.1298371
0.1136132
0.1575076
0.1282275
0.1402545
0.1413575
0.1345379
0.1441708
0.1465103
0.1260653
0.153669
0.1279905
0.1529573
0.1359532
0.1314085
0.1733997
0.1487371
0.1428412
0.1249927
0.1481832
0.1148664
0.1086516
0.1072461
0.1206914
0.1443142
0.1464246
0.1914482
0.1207789
0.1182604
0.131484
0.1045621
0.1102723
0.1106602
0.1465779
0.1502783
0.1242794
0.1229205
0.09505086
0.1064279
0.1444975
0.1533765
0.1738389
0.1619092
0.1509333
0.1584771
0.1341596
0.131294
0.09969111
0.1047759
0.1059073
0.1085625
0.1435304
0.1992443
0.1544843
0.167331
0.1684483
0.1579674
0.1288707
0.1430254
0.1398868
0.1431632
0.1732992
0.1341316
0.1878475
0.1515844
0.1274263
0.1519221
0.1582209
0.1674887
0.1383272
0.1249991
0.1455488
0.1509345
0.10221
0.1135529
0.1161989
0.1235783
0.1296181
0.1323995
0.1148402
0.1599889
0.1418185
0.1443082
0.1489464
0.110601
0.1018042
0.1471438
0.1432064
0.1485414
0.1495681
0.1333435
0.1508336
0.1590408
0.1322476
0.1337744
0.1309516
0.1643495
0.1786397
0.1482728
0.1456337
0.1391712
0.1602952
0.1482915
0.1437461
0.1443189
0.1554499
0.1569403
0.1580904
0.1398692
0.1658836
0.1523443
0.145586
0.1374984
0.1542481
0.1738224
0.1613447
0.1718478
0.1254408
0.1434015
0.1786889
0.1271344
0.1571647
0.1726693
0.1393319
0.1162044
0.1137825
0.1093507
0.1411944
0.1209924
0.1366879
0.1159209
0.1302519
0.1047253
0.1063268
0.137085
0.1198615
0.1298189
0.1165121
0.1202371
0.110567
0.1397027
0.1298218
0.1057703
0.1257671
0.1330148
0.1012128
0.1031462
0.1194684
0.09224741
0.1280692
0.126956
0.127694
0.1284288
0.1469108
0.1426714
0.1581267
0.1616882
0.1420169
0.1488766
0.1447255
0.1605061
0.1489266
0.1552422
0.1818506
0.1721974
0.1337898
0.1307004
0.1273415
0.1316939
0.11465
0.1265016
0.1432745
0.1310558
0.1488696
0.1413804
0.1435985
0.1334765
0.1229331
0.1593086
0.1457168
0.1546854
0.1445124
0.139079
0.1473561
0.1792622
0.1286443
0.1227012
0.118846
0.1212051
0.09284737
0.1171694
0.1109436
0.1233393
0.1707893
0.1250425
0.121249
0.1390681
0.1191743
0.1248218
0.1016611
0.103204
0.1059035
0.1053979
0.1515538
0.1373219
0.12635
0.1440554
0.1058825
0.1223231
0.1318158
0.1223061
0.1314111
0.1188933
0.1342512
0.1183641
0.1195065
0.1196405
0.105701
0.1346912
0.1071784
0.1000425
0.1287034
0.1287949
0.1638678
0.184151
0.1269882
0.09249579
0.1013835
0.1550348
0.1440823
0.134443
0.1604513
0.1165017
0.1191556
0.1544919
0.1369468
0.1462146
0.1459428
0.1552139
0.1487371
0.1290059
0.1154811
0.1280553
0.1290132
0.1566521
0.1279588
0.1209722
0.1256415
0.1060164
0.1227811
0.1241632
0.1453251
0.1304186
0.1476247
0.1447676
0.08372912
0.1115099
0.1186038
0.1192097
0.138064
0.1686642
0.1559516
0.1511873
0.1421197
0.1325342
0.1317612
0.138773
0.1493566
0.125185
0.1569222
0.1385147
0.1350159
0.1298346
0.1247709
0.115352
0.1323181
0.1305912
0.1436972
0.1261494
0.1383166
0.1264717
0.118384
0.1487981
0.1829283
0.1695367
0.1548128
0.1428089
0.1463853
0.1718945
0.1382942
0.1235527
0.1437275
0.1332876
0.1501219
0.1575926
0.1738131
0.1634962
0.1531354
0.1542584
0.1587991
0.1719539
0.1669462
0.1414382
0.1404768
0.153591
0.1661613
0.1694181
0.1359628
0.1315281
0.1375914
0.1296537
0.09952692
0.1339298
0.1261118
0.1439489
0.1095337
0.1600954
0.1979923
0.1764709
0.1939075
0.2152792
0.1576558
0.1552756
0.1505019
0.1576266
0.1550569
0.1737854
0.129289
0.1653499
0.1283612
0.1301575
0.1443781
0.1421261
0.1652864
0.1721799
0.1493927
0.1300939
0.1075259
0.1290985
0.1299845
0.1799412
0.1518593
0.1535775
0.1698136
0.125157
0.1389468
0.1343591
0.1540085
0.1410049
0.1510443
0.1519575
0.1626651
0.1347672
0.1313612
0.1402282
0.1432154
0.1878382
0.1473644
0.141247
0.1501723
0.1529157
0.1234641
0.1448513
0.1321503
0.1127437
0.1266607
0.1165641
0.1225674
0.1280693
0.1110787
0.1060973
0.1451787
0.1316196
0.1420263
0.1702983
0.1811272
0.1444533
0.111709
0.1326423
0.1269382
0.1552222
0.1379329
0.1555244
0.1370052
0.1794561
0.1496281
0.1941845
0.157272
0.1727262
0.1329454
0.1323157
0.1280267
0.1187163
0.1628079
0.1486587
0.1115291
0.1371316
0.1709748
0.1437851
0.1126525
0.122977
0.1519002
0.164672
0.1531714
0.1337904
0.145818
0.1332503
0.09915247
0.09064669
0.1086604
0.1261194
0.1790154
0.1432672
0.1697739
0.1674227
0.1622085
0.180153
0.1456366
0.1485504
0.1640784
0.1738966
0.1423042
0.1461458
0.1323287
0.1261666
0.1233927
0.1470538
0.1591449
0.1400793
0.1496511
0.1260138
0.1526456
0.1359049
0.1640195
0.1353186
0.1099046
0.1166037
0.1072342
0.1205807
0.1330286
0.1533579
0.1455781
0.1640452
0.141733
0.1304902
0.1218923
0.1107997
0.1055969
0.1596442
0.1135565
0.1233705
0.1141698
0.114324
0.1176902
0.09050364
0.07983014
0.1345593
0.1517638
0.1512595
0.1213012
0.1308046
0.1369839
0.1282384
0.1411461
0.11474
0.1111402
0.1043649
0.1171879
0.1035445
0.1103492
0.1316021
0.1365497
0.1346836
0.1709227
0.1561829
0.1192798
0.1182922
0.1332783
0.13668
0.1366994
0.1464764
0.1665381
0.1528763
0.1223793
0.1516835
0.1446466
0.1530386
0.1510183
0.1109447
0.1205801
0.1020357
0.1192256
0.1510337
0.1482594
0.1515236
0.1312902
0.1247756
0.1159743
0.1409026
0.1838049
0.1588232
0.1295002
0.1128712
0.1103052
0.1175905
0.09965359
0.1098972
0.1356381
0.1165397
0.1320193
0.1077054
0.08849235
0.08743387
0.08785291
0.1177364
0.1355804
0.1285778
0.09571933
0.1227268
0.14399
0.1430321
0.1462829
0.1414335
0.13117
0.1611875
0.1233636
0.11925
0.1079076
0.1159881
0.1229004
0.1251061
0.1075642
0.1239492
0.1124302
0.1477292
0.1312798
0.1243336
0.1311819
0.1764166
0.1379914
0.1383495
0.1260347
0.1203806
0.1446644
0.1707117
0.1510875
0.1562464
0.1658549
0.1433992
0.1470134
0.1896195
0.1590044
0.1576339
0.1706194
0.130982
0.1381743
0.1520879
0.1049092
0.1320835
0.1341142
0.1545853
0.1136805
0.1370216
0.1467459
0.1328971
0.1431927
0.1501738
0.1158714
0.1278961
0.1584196
0.1362975
0.1543911
0.1633389
0.1503261
0.1493849
0.139801
0.1265952
0.1385818
0.1456345
0.1607464
0.1571288
0.1465813
0.1615802
0.1759664
0.1277697
0.1219532
0.1862325
0.1890547
0.1979166
0.1963551
0.1572859
0.1145637
0.1249028
0.1438012
0.1558274
0.1369721
0.1343976
0.1172318
0.1889959
0.1507205
0.1580124
0.1251371
0.1567461
0.145514
0.1345699
0.1596789
0.1333852
0.0985594
0.1320801
0.1349481
0.1582041
0.1324129
0.1395413
0.1364464
0.1669453
0.1606508
0.1748564
0.1543769
0.1856954
0.1511346
0.147426
0.1311954
0.1136586
0.1195637
0.1489726
0.119509
0.1366868
0.1237498
0.1229984
0.1309023
0.14751
0.1209468
0.1429939
0.1447291
0.1365586
0.1244099
0.1415935
0.153319
0.160533
0.1444963
0.156755
0.1178504
0.1307919
0.1312539
0.1186094
0.09303601
0.1229018
0.1471073
0.1068729
0.1304972
0.1473821
0.1345198
0.1299965
0.1708866
0.1872984
0.1530283
0.1491734
0.1180003
0.1522594
0.1674462
0.1161778
0.1209058
0.128546
0.1603725
0.1241138
0.1741497
0.1459314
0.1610802
0.1403016
0.1115227
0.1534622
0.1552819
0.172046
0.1832693
0.1359049
0.1326157
0.1169122
0.1155828
0.1264609
0.1448155
0.1286667
0.1384427
0.1629987
0.1312342
0.1371215
0.1203167
0.1082431
0.1029139
0.120499
0.1144709
0.129821
0.1344415
0.1542793
0.1579135
0.1476262
0.1420752
0.1469902
0.2226922
0.1694031
0.1700988
0.1370737
0.1493075
0.1674374
0.1619502
0.1453227
0.1202421
0.111892
0.1009357
0.138523
0.1238274
0.1105912
0.1410122
0.1420077
0.1124158
0.1129096
0.1369666
0.159877
0.1625009
0.1346168
0.1458617
0.145282
0.131354
0.1438161
0.1471898
0.1650322
0.1656135
0.09992112
0.1185899
0.1099837
0.1131455
0.1521865
0.1694741
0.1632282
0.1339206
0.1796501
0.1728145
0.1393204
0.1242587
0.1457899
0.1262435
0.1444105
0.1728062
0.1562814
0.1192971
0.1157848
0.112048
0.07497754
0.101552
0.08335684
0.111308
0.1127022
0.1340449
0.1409547
0.149354
0.1422902
0.1121517
0.1234042
0.1192222
0.163546
0.1459552
0.1411965
0.1494213
0.1468812
0.1841948
0.1608175
0.1395659
0.1493691
0.1759647
0.1381018
0.1650697
0.1197436
0.1428656
0.1728627
0.1700318
0.1484097
0.1590918
0.14075
0.1561619
0.1551435
0.1471305
0.1379662
0.101431
0.1184491
0.1218716
0.1389268
0.1477575
0.1364995
0.1302125
0.159276
0.142445
0.1215688
0.1306055
0.1601058
0.1653336
0.1470004
0.1637996
0.1673176
0.1648163
0.1426747
0.1213964
0.1456805
0.1409506
0.1454786
0.1827706
0.1267905
0.1281767
0.1408055
0.1297715
0.1062689
0.09342215
0.1401104
0.1469986
0.1529529
0.1399213
0.1905626
0.1338654
0.145146
0.1240078
0.1649222
0.1495013
0.1730483
0.1764359
0.1362468
0.1410051
0.1773663
0.1548488
0.162512
0.1917173
0.1782872
0.1694792
0.131389
0.1641187
0.1534877
0.1405186
0.1106926
0.1134664
0.1315251
0.1229381
0.116403
0.1204102
0.09930634
0.1203994
0.1320308
0.1324183
0.1267165
0.1569177
0.1380227
0.1391152
0.147477
0.1472141
0.1481945
0.1301427
0.1494735
0.138224
0.1468072
0.1470601
0.1284248
0.1425123
0.1249497
0.1184354
0.1607888
0.1460962
0.1354147
0.1349395
0.1460699
0.1078094
0.1230778
0.1374008
0.1476872
0.1292592
0.1240599
0.1235583
0.1263956
0.1283082
0.1499291
0.1499058
0.1631179
0.1410475
0.1556038
0.1578849
0.1105571
0.10622
0.1427605
0.106574
0.1757777
0.1307329
0.1311329
0.1299146
0.1244263
0.1448482
0.1479459
0.1125107
0.1264581
0.162965
0.1172611
0.13312
0.1620731
0.1649964
0.142993
0.1278775
0.1380004
0.1128966
0.1379785
0.1401788
0.1628745
0.1514868
0.1561881
0.1219795
0.1565664
0.1332711
0.1145744
0.1341568
