0.00445761
0.08342203
0.003912872
-0.05534572
-0.1206807
-0.1036162
-0.02167292
-0.1052602
-0.04874247
-0.06065966
-0.1181616
-0.1512017
-0.055565
-0.07977612
-0.04852041
-0.1169515
-0.1445964
-0.1098652
-0.06182703
-0.1487706
-0.1715346
-0.2196483
-0.2321446
-0.1931681
-0.2411112
-0.208407
-0.244778
-0.2254496
-0.2831917
-0.2483557
-0.2648571
-0.2039221
-0.1877092
-0.1964261
-0.2070251
-0.2667132
-0.2265259
-0.2493653
-0.244963
-0.2055232
-0.1975256
-0.2524378
-0.2735601
-0.2300162
-0.1647194
-0.169248
-0.1194142
-0.07724101
-0.1833235
-0.1615069
-0.1757392
-0.1500939
-0.1334159
-0.1755832
-0.238095
-0.1552689
-0.1669769
-0.2264301
-0.2179639
-0.2463471
-0.09035414
-0.08184693
-0.08942579
-0.1733204
-0.1796767
-0.1002077
-0.08613238
-0.06058419
-0.06116829
-0.08143646
-0.04730143
0.004103636
0.007462872
-0.04698611
-0.03499642
-0.04070205
-0.07862105
-0.06472786
-0.02863388
0.004686348
-0.08464347
-0.1143427
-0.02309168
-0.02176696
-0.05610782
-0.1307362
-0.1078325
-0.1879485
-0.2281233
-0.2431505
-0.2690369
-0.2990444
-0.292612
-0.2506715
-0.2335592
-0.1885328
-0.2289087
-0.3340199
-0.3448834
-0.3595413
-0.3418604
-0.3516223
-0.3593086
-0.2494275
-0.2684253
-0.2860985
-0.3361451
-0.3108824
-0.3192185
-0.2456427
-0.2106841
-0.2610307
-0.317399
-0.3811476
-0.3932123
-0.4086844
-0.4241187
-0.4235206
-0.322284
-0.2443031
-0.1982006
-0.2341972
-0.250857
-0.2854936
-0.2716322
-0.2556749
-0.2059259
-0.09129089
-0.1898485
-0.1826513
-0.1623349
-0.1905419
-0.2130572
-0.2170146
-0.199916
-0.1733901
-0.1721558
-0.1177208
-0.09012462
-0.001909632
-0.06808459
0.01308939
0.02472614
0.06438091
0.06842741
0.08040394
0.09905918
0.02093935
-0.03763429
-0.01609039
-0.08133851
-0.09266812
-0.1031738
-0.07841115
-0.0754868
-0.1995842
-0.1747144
-0.06574811
-0.09662357
0.05400708
0.06982908
0.0638627
0.09154095
0.1640462
0.1241439
0.09162329
0.09448937
0.01221827
0.01094339
-0.02397284
-0.08431945
-0.1524509
-0.2194325
-0.2643208
-0.3463142
-0.4675459
-0.4541685
-0.4717074
-0.4940727
-0.4518637
-0.4035535
-0.4501272
-0.4705579
-0.4518868
-0.3861046
-0.3823076
-0.3718494
-0.531277
-0.471015
-0.568521
-0.5798034
-0.6026294
-0.6646686
-0.7406084
-0.7342882
-0.8364764
-0.7963765
-0.9101147
-1.02202
-1.061327
-1.092932
-1.131269
-1.121912
-1.12125
-1.140167
-1.118451
-1.19622
-1.195844
-1.203649
-1.136724
-1.097916
-1.081523
-1.129512
-1.1217
-1.104941
-1.163113
-1.125601
-1.215162
-1.218796
-1.269321
-1.347416
-1.319263
-1.279549
-1.369055
-1.360239
-1.367122
-1.369457
-1.394355
-1.20563
-1.162797
-1.318029
-1.314763
-1.321499
-1.418636
-1.386241
-1.364343
-1.387423
-1.405283
-1.323667
-1.385343
-1.429853
-1.38489
-1.331156
-1.376263
-1.388935
-1.36384
-1.44865
-1.575208
-1.586039
-1.606195
-1.687781
-1.608238
-1.513731
-1.508878
-1.506728
-1.506028
-1.53525
-1.487534
-1.497756
-1.481577
-1.566127
-1.506844
-1.508116
-1.568765
-1.562327
-1.583001
-1.533421
-1.52582
-1.650582
-1.691835
-1.617891
-1.530258
-1.510398
-1.529594
-1.480441
-1.609912
-1.612377
-1.65223
-1.628549
-1.692669
-1.660977
-1.651398
-1.717913
-1.722283
-1.789648
-1.880057
-1.92843
-1.874231
-1.897684
-1.954754
-1.99478
-2.028
-2.080815
-2.046468
-1.982929
-1.989834
-1.928453
-1.89716
-1.970531
-2.070354
-2.052779
-2.040975
-2.104408
-2.048432
-2.122515
-2.132632
-2.033512
-2.066747
-2.066774
-2.114716
-2.070187
-2.075578
-1.930007
-2.051755
-2.112701
-2.085997
-2.090293
-2.076173
-2.152538
-2.143193
-2.073025
-2.037856
-2.029911
-1.993079
-2.065588
-2.098527
-2.101382
-2.147628
-2.135929
-2.139948
-2.189091
-2.202349
-2.18523
-2.278441
-2.228583
-2.193683
-2.183037
-2.229674
-2.208409
-2.18066
-2.21089
-2.311404
-2.251199
-2.184451
-2.265491
-2.105348
-2.148276
-2.066675
-2.122378
-2.128479
-2.122651
-2.084344
-2.07854
-2.085598
-2.109059
-2.175854
-2.157751
-2.208759
-2.162467
-2.04558
-1.971618
-2.071682
-2.067851
-2.045189
-2.104783
-2.07269
-2.073488
-2.104758
-2.158502
-2.209535
-2.299789
-2.255291
-2.273138
-2.276555
-2.193302
-2.158625
-2.182939
-2.16649
-2.188261
-2.162722
-2.140759
-2.187431
-2.253258
-2.220896
-2.252533
-2.278819
-2.239453
-2.233127
-2.196223
-2.176988
-2.112482
-2.070107
-2.159623
-2.126418
-2.200774
-2.189506
-2.155526
-2.152292
-2.149893
-2.294752
-2.228925
-2.276957
-2.276561
-2.213683
-2.297827
-2.402279
-2.418476
-2.462682
-2.533492
-2.479419
-2.551605
-2.557757
-2.523493
-2.39728
-2.51236
-2.575946
-2.596009
-2.594702
-2.573487
-2.563011
-2.498846
-2.399372
-2.427507
-2.430984
-2.428881
-2.357271
-2.371743
-2.317265
-2.374886
-2.293788
-2.264866
-2.311428
-2.316721
-2.340529
-2.265538
-2.280369
-2.283656
-2.308041
-2.473583
-2.504032
-2.54022
-2.585728
-2.491485
-2.474757
-2.435221
-2.363668
-2.523701
-2.531431
-2.494902
-2.447823
-2.439547
-2.367586
-2.445972
-2.482038
-2.491631
-2.61122
-2.630799
-2.563648
-2.596442
-2.664815
-2.711303
-2.656904
-2.606943
-2.511833
-2.552811
-2.624346
-2.619078
-2.641191
-2.526343
-2.577081
-2.537123
-2.489163
-2.423993
-2.326141
-2.357567
-2.398825
-2.458443
-2.472827
-2.505609
-2.538367
-2.463828
-2.387111
-2.395347
-2.323793
-2.42478
-2.472861
-2.507758
-2.588256
-2.510022
-2.522331
-2.490888
-2.442092
-2.477867
-2.510372
-2.504893
-2.464968
-2.53914
-2.542099
-2.591926
-2.657148
-2.635629
-2.72817
-2.712701
-2.775676
-2.759646
-2.678752
-2.624615
-2.664605
-2.682031
-2.677468
-2.588637
-2.566433
-2.600738
-2.681886
-2.706319
-2.643779
-2.743715
-2.733661
-2.635349
-2.472655
-2.486173
-2.474468
-2.447647
-2.524851
-2.474649
-2.393474
-2.363798
-2.389824
-2.376424
-2.336045
-2.242909
-2.183952
-2.129334
-2.111988
-2.08278
-2.083245
-2.063937
-2.131094
-2.174963
-2.140049
-2.101764
-2.072158
-2.05855
-2.053251
-2.04047
-2.122586
-2.0907
-2.088426
-2.051959
-1.953209
-1.935974
-1.996057
-1.93192
-1.876589
-1.953974
-1.951317
-1.902373
-1.899036
-1.834545
-1.80317
-1.86547
-1.878625
-1.849002
-1.80199
-1.749175
-1.735147
-1.686267
-1.668955
-1.688629
-1.729147
-1.697922
-1.698938
-1.689704
-1.729247
-1.616652
-1.658436
-1.766103
-1.744908
-1.70262
-1.684947
-1.731778
-1.670649
-1.688656
-1.681764
-1.60328
-1.646833
-1.671533
-1.627837
-1.689496
-1.652003
-1.644655
-1.690666
-1.683695
-1.715454
-1.700286
-1.668605
-1.76795
-1.790176
-1.839902
-1.822066
-1.822221
-1.816607
-1.752055
-1.7918
-1.724571
-1.70409
-1.698271
-1.639676
-1.635254
-1.700179
-1.770349
-1.70457
-1.580603
-1.630086
-1.604052
-1.643948
-1.643771
-1.719429
-1.683579
-1.619414
-1.720642
-1.690503
-1.605199
-1.509474
-1.478951
-1.552758
-1.504429
-1.513567
-1.480313
-1.483515
-1.523654
-1.625109
-1.646859
-1.702019
-1.667039
-1.698604
-1.725986
-1.67969
-1.682609
-1.612415
-1.692489
-1.686615
-1.707596
-1.764792
-1.821224
-1.865988
-1.897
-1.838355
-1.806597
-1.721445
-1.763399
-1.8545
-1.868409
-1.910952
-1.942958
-1.918865
-1.865546
-1.850667
-1.921825
-1.95602
-1.990724
-1.97909
-1.961682
-1.872584
-1.782816
-1.746345
-1.815539
-1.881835
-1.837525
-1.87208
-1.815364
-1.740257
-1.743763
-1.792723
-1.823081
-1.827663
-1.908035
-1.982168
-2.082422
-2.11604
-2.128247
-2.150296
-2.1256
-2.133973
-2.081627
-2.158502
-2.152374
-2.081342
-2.019116
-2.053473
-2.019967
-2.109098
-2.163069
-2.148061
-2.090865
-2.050879
-2.024748
-2.032445
-2.070508
-2.121444
-2.135954
-2.252508
-2.119926
-2.061303
-2.021488
-2.03647
-2.096867
-2.039211
-2.128417
-2.150115
-2.150575
-2.203632
-2.249277
-2.219218
-2.226078
-2.161762
-2.162614
-2.279157
-2.360038
-2.275931
-2.221728
-2.141135
-2.10494
-2.109059
-2.158654
-2.252253
-2.29508
-2.340626
-2.316389
-2.318441
-2.368345
-2.381961
-2.368592
-2.389747
-2.387459
-2.369622
-2.369355
-2.350177
-2.352236
-2.334828
-2.334708
-2.381464
-2.355025
-2.375077
-2.30962
-2.227966
-2.29715
-2.276925
-2.339172
-2.363445
-2.347514
-2.39147
-2.517428
-2.398491
-2.293267
-2.327946
-2.297663
-2.22995
-2.191086
-2.16584
-2.166569
-2.246127
-2.194918
-2.213689
-2.244423
-2.202461
-2.169653
-2.176735
-2.180611
-2.239957
-2.302685
-2.262328
-2.211963
-2.174838
-2.169367
-2.216125
-2.221891
-2.250959
-2.302607
-2.255781
-2.189135
-2.148327
-2.178265
-2.259922
-2.319519
-2.346009
-2.394216
-2.373304
-2.39127
-2.421196
-2.499509
-2.451883
-2.376578
-2.359227
-2.353422
-2.436922
-2.453502
-2.450149
-2.401181
-2.434905
-2.488727
-2.462798
-2.506043
-2.446294
-2.540499
-2.532574
-2.516907
-2.623318
-2.636249
-2.535723
-2.584976
-2.569573
-2.590826
-2.642348
-2.63049
-2.632577
-2.561377
-2.507598
-2.556798
-2.620159
-2.625908
-2.588259
-2.566265
-2.498158
-2.501241
-2.413387
-2.39277
-2.407329
-2.371924
-2.372777
-2.373184
-2.39423
-2.377488
-2.398658
-2.414829
-2.476625
-2.456423
-2.419689
-2.520691
-2.551251
-2.521042
-2.466244
-2.388477
-2.403438
-2.406823
-2.466635
-2.429486
-2.297555
-2.31219
-2.301093
-2.326523
-2.401842
-2.356454
-2.348976
-2.369094
-2.306416
-2.298372
-2.271359
-2.330431
-2.400137
-2.380058
-2.323112
-2.347257
-2.450283
-2.47453
-2.499104
-2.48523
-2.487296
-2.49496
-2.452844
-2.460918
-2.461629
-2.419526
-2.333687
-2.303425
-2.358656
-2.291541
-2.292815
-2.316532
-2.283218
-2.266691
-2.258483
-2.250777
-2.24799
-2.232911
-2.183255
-2.241057
-2.223303
-2.257653
-2.273816
-2.263624
-2.195989
-2.179294
-2.154838
-2.02743
-2.003903
-2.036582
-2.029322
-1.996308
-1.964582
-2.040618
-2.035901
-1.978127
-2.000552
-2.004396
-2.178418
-2.191815
-2.157731
-2.138426
-2.16613
-2.058216
-2.002446
-2.00206
-2.115304
-2.129373
-2.155405
-2.15909
-2.192203
-2.233283
-2.246459
-2.182397
-2.161562
-2.13331
-2.087375
-2.172495
-2.227805
-2.275077
-2.298095
-2.232747
-2.122293
-2.223823
-2.230075
-2.202276
-2.231902
-2.264084
-2.176259
-2.201887
-2.228503
-2.183227
-2.238775
-2.195234
-2.224562
-2.223035
-2.26894
-2.288968
-2.29238
-2.240149
-2.187597
-2.208947
-2.248422
-2.149858
-2.121423
-2.147228
-2.240699
-2.183646
-2.194367
-2.222482
-2.255025
-2.288428
-2.317829
-2.300627
-2.295488
-2.380547
-2.378955
-2.410376
-2.472576
-2.531479
-2.536001
-2.542471
-2.52339
-2.57919
-2.675033
-2.705068
-2.698525
-2.652151
-2.680885
-2.669412
-2.67712
-2.664973
-2.650329
-2.616966
-2.584401
-2.706132
-2.705395
-2.659053
-2.790385
-2.872746
-2.79201
-2.762989
-2.755779
-2.755576
-2.796064
-2.797925
-2.796728
-2.813867
-2.820549
-2.803824
-2.730875
-2.803669
-2.831002
-2.914352
-2.880444
-2.888679
-2.854907
-2.870723
-2.900042
-2.942919
-2.977713
-3.038174
-3.056496
-3.024669
-2.975309
-2.975211
-2.931403
-2.972251
-2.972175
-2.961267
-2.970145
-2.971982
-2.900126
-2.861368
-2.832285
-2.831293
-2.822732
-2.893696
-2.87333
-2.875128
-2.801656
-2.829033
-2.820213
-2.875132
-2.935002
-2.962773
-2.989492
-3.01496
-3.011447
-3.013646
-2.992417
-2.928906
-2.878386
-2.899406
-2.974052
-2.879228
-2.892613
-2.921756
-2.975001
-2.921307
-2.90197
-2.89266
-2.93109
-2.93256
-2.922594
-2.996314
-2.93521
-2.900023
-2.940059
-3.001604
-2.968202
-3.048692
-3.058993
-2.997818
-2.975183
-2.83384
-2.830598
-2.678339
-2.710531
-2.721623
-2.680931
-2.604684
-2.498021
-2.436488
-2.466572
-2.454091
-2.451071
-2.48094
-2.506747
-2.514587
-2.483892
-2.490807
-2.452103
-2.478023
-2.520149
-2.460711
-2.458964
-2.469235
-2.561085
-2.591682
-2.562518
-2.533293
-2.496538
-2.479136
-2.4592
-2.515868
-2.461981
-2.55764
-2.530912
-2.575163
-2.554897
-2.5806
-2.606039
-2.605132
-2.592219
-2.530867
-2.554077
-2.522398
-2.603843
-2.620926
-2.568937
-2.580569
-2.630246
-2.608411
-2.532476
-2.507433
-2.510362
-2.524813
-2.447841
-2.394076
-2.388207
-2.371631
-2.383995
-2.309931
-2.326506
-2.336667
-2.328285
-2.319573
-2.315688
-2.178329
-2.22483
-2.241491
-2.251055
-2.223058
-2.278466
-2.195423
-2.160181
-2.158298
-2.149628
-2.198355
-2.129456
-2.156142
-2.141749
-2.229824
-2.347892
-2.506421
-2.59921
-2.560893
-2.54575
-2.593566
-2.627462
-2.631545
-2.676273
-2.671248
-2.722544
-2.727635
-2.737271
-2.684539
-2.750453
-2.766975
-2.870024
-2.890332
-2.956754
-2.907158
-2.841795
-2.835797
-2.749467
-2.765709
-2.789211
-2.812037
-2.719015
-2.634852
-2.659555
-2.644849
-2.585654
-2.657494
-2.671415
-2.717674
-2.721957
-2.748363
-2.716312
-2.717362
-2.751652
-2.673724
-2.621003
-2.601666
-2.660426
-2.614445
-2.581052
-2.609433
-2.588682
-2.536015
-2.519047
-2.438427
-2.451706
-2.341138
-2.305832
-2.320228
-2.188361
-2.111061
-2.153495
-2.149397
-2.25143
-2.36348
-2.294092
-2.317405
-2.289177
-2.249896
-2.18138
-2.242187
-2.231587
-2.259995
-2.205367
-2.316802
-2.265457
-2.172796
-2.229429
-2.19933
-2.170672
-2.117343
-2.117742
-2.113567
-2.128372
-2.149824
-2.183933
-2.193823
-2.108667
-2.054081
-1.978199
-2.074829
-2.115081
-2.104816
-2.074116
-2.080476
-2.018379
-2.102456
-2.138399
-2.09642
-2.082845
-2.043957
-2.036424
-2.040816
-2.078278
-2.113397
-2.179824
-2.168153
-2.287115
-2.302285
-2.29932
-2.282623
-2.27013
-2.304706
-2.291458
-2.237053
-2.22677
-2.246157
-2.200333
-2.146789
-2.073198
-2.036643
-2.006558
-1.91544
-1.912496
-1.887943
-1.927483
-1.973694
-1.939307
-1.887147
-1.920298
-1.814192
-1.867863
-1.842706
-1.891159
-1.919756
-1.983627
-1.871789
-1.85512
-1.891995
-1.880376
-1.828759
-1.77565
-1.795455
-1.764093
-1.752281
-1.684777
-1.628426
-1.687927
-1.75452
-1.776074
-1.828596
-1.793172
-1.770236
-1.809292
-1.708309
-1.644696
-1.758419
-1.792147
-1.850361
-1.841908
-1.859844
-1.898799
-1.898426
-1.952812
-1.948574
-2.0189
-2.041346
-2.040942
-2.019758
-1.916004
-1.9288
-2.002715
-2.025477
-2.011179
-2.047714
-2.060441
-2.155287
-2.095335
-2.199983
-2.135918
-2.189662
-2.227294
-2.308282
-2.236231
-2.222771
-2.203262
-2.196559
-2.140671
-2.244651
-2.180402
-2.040212
-1.981475
-1.971215
-2.009665
-1.987473
-1.942057
-1.906603
-1.886968
-1.892948
-1.955745
-1.96469
-1.909131
-1.895415
-1.894898
-1.914921
-1.959986
-1.940993
-1.88352
-1.850961
-1.849968
-1.838217
-1.85816
-1.867062
-1.87099
-1.866496
-1.937618
-1.983177
-2.052901
-2.150407
-2.225601
-2.100931
-2.149531
-2.093631
-2.040066
-2.038948
-1.98193
-2.040505
-2.092962
-2.153288
-2.181284
-2.085607
-2.067097
-1.98719
-1.941057
-1.986889
-2.036247
-2.00676
-1.941362
-2.005507
-1.996105
-1.999891
-2.042655
-2.050422
-2.028026
-2.11661
-2.230471
-2.283599
-2.207204
-2.201342
-2.184886
-2.162131
-2.221727
-2.221584
-2.301204
-2.353654
-2.378838
-2.339172
-2.336844
-2.243354
-2.244423
-2.254317
-2.209141
-2.211536
-2.238357
-2.243344
-2.262787
-2.322662
-2.344088
-2.351848
-2.355929
-2.355433
-2.401228
-2.265986
-2.268479
-2.299646
-2.329393
-2.335681
-2.133738
-2.167496
-2.076964
-2.140262
-2.126988
-2.159821
-2.174824
-2.192098
-2.294549
-2.399727
-2.406795
-2.489132
-2.402321
-2.372452
-2.445745
-2.484137
-2.519919
-2.572759
-2.635529
-2.692659
-2.735056
-2.767017
-2.742703
-2.732262
-2.739197
-2.696032
-2.693661
-2.762685
-2.86021
-2.80416
-2.858769
-2.895387
-2.838395
-2.839645
-2.804688
-2.876118
-2.870008
-2.906647
-2.894336
-2.782894
-2.844145
-2.819859
-2.826981
-2.788005
-2.848538
-2.832097
-2.847624
-2.848065
-2.910228
-2.919144
-2.981381
-2.922823
-2.980014
-3.024731
-2.987852
-3.013879
-2.963936
-3.01611
-3.098768
-3.006451
-2.970578
-2.958518
-2.995699
-3.000663
-3.018646
-3.027433
-2.965833
-2.924441
-2.898724
-2.894096
-2.890599
-2.894326
-2.838683
-2.805017
-2.896086
-2.901381
-2.9294
-2.97853
-3.016042
-3.059271
-3.041535
-3.184133
-3.103538
-3.090896
-3.106705
-3.184474
-3.113504
-3.066644
-3.09732
-3.001633
-2.99927
-2.952372
-2.895237
-2.927604
-2.930606
-2.993427
-3.030325
-3.064922
-3.117457
-3.062825
-3.114708
-3.116965
-3.070448
-3.128369
-3.159608
-3.124184
-3.142797
-3.111919
-3.193397
-3.232312
-3.267296
-3.252193
-3.200017
-3.284366
-3.355305
-3.346837
-3.401887
-3.436742
-3.449413
-3.37131
-3.313275
-3.343927
-3.388427
-3.43465
-3.481183
-3.409549
-3.391503
-3.408954
-3.351694
-3.37841
-3.369353
-3.291824
-3.367618
-3.323081
-3.255938
-3.146089
-3.069574
-3.073835
-3.06496
-2.998229
-2.890242
-2.914717
-2.919692
-2.845281
-2.913379
-2.852395
-2.910639
-2.904403
-2.951208
-2.858661
-2.765825
-2.759562
-2.771802
-2.704063
-2.673395
-2.65022
-2.6919
-2.656018
-2.722644
-2.706907
-2.677918
-2.642168
-2.579783
-2.537638
-2.56317
-2.514893
-2.591306
-2.689918
-2.678794
-2.712152
-2.667723
-2.739402
-2.721587
-2.815649
-2.780482
-2.811866
-2.835005
-2.782323
-2.803724
-2.766393
-2.850238
-2.798131
-2.849816
-2.836586
-2.860793
-2.828871
-2.861272
-2.856897
-2.858168
-2.875183
-2.880314
-2.806159
-2.786469
-2.810614
-2.83082
-2.906607
-2.99985
-3.001145
-2.994466
-3.020625
-2.928079
-2.921618
-2.859468
-2.958147
-2.97217
-2.897479
-2.906253
-2.837531
-2.854483
-2.766721
-2.711123
-2.794561
-2.851748
-2.828957
-2.788647
-2.855996
-2.880496
-2.892265
-2.88138
-2.842227
-2.8912
-2.974644
-3.072914
-2.994257
-2.950275
-2.978315
-3.002345
-2.899129
-2.797768
-2.840529
-2.814802
-2.799751
-2.793368
-2.728762
-2.708882
-2.580115
-2.607492
-2.653198
-2.588308
-2.536891
-2.442332
-2.498073
-2.542251
-2.524191
-2.546087
-2.567073
-2.693003
-2.626076
-2.550979
-2.570874
-2.607339
-2.577349
-2.495816
-2.499003
-2.464075
-2.462496
-2.458599
-2.479307
-2.449325
-2.436043
-2.515887
-2.461001
-2.508448
-2.578834
-2.540708
-2.502767
-2.539598
-2.492971
-2.533219
-2.569203
-2.5929
-2.576142
-2.545376
-2.568109
-2.599896
-2.622484
-2.485662
-2.448871
-2.516687
-2.514173
-2.550562
-2.638706
-2.59026
-2.522033
-2.508945
-2.440267
-2.374799
-2.402661
-2.384279
-2.448176
-2.497181
-2.532119
-2.595408
-2.629813
-2.665533
-2.622321
-2.572537
-2.61291
-2.636224
-2.628227
-2.692626
-2.663033
-2.630107
-2.56962
-2.537209
-2.554511
-2.604632
-2.577252
-2.536385
-2.505405
-2.497816
-2.408817
-2.338741
-2.300494
-2.25473
-2.23049
-2.212236
-2.235198
-2.376744
-2.378648
-2.334302
-2.340033
-2.286478
-2.27619
-2.295468
-2.264685
-2.25505
-2.281219
-2.280807
-2.270446
-2.235156
-2.252443
-2.116977
-2.227994
-2.253085
-2.282129
-2.293983
-2.3603
-2.367433
-2.362647
-2.383659
-2.351027
-2.40742
-2.35035
-2.436459
-2.49756
-2.45951
-2.477514
-2.551743
-2.565502
-2.607428
-2.569377
-2.540251
-2.546972
-2.58139
-2.610142
-2.631626
-2.645796
-2.634525
-2.688188
-2.754135
-2.773676
-2.792859
-2.847333
-3.008691
-2.966098
-2.858223
-2.884371
-2.985952
-3.017891
-3.037398
-3.001847
-3.01211
-3.07445
-3.04202
-3.02627
-3.08122
-3.12904
-3.117357
-3.15629
-3.182127
-3.241139
-3.262387
-3.259285
-3.233419
-3.144525
-3.091171
-3.017939
-2.941143
-2.996007
-3.035597
-3.076696
-3.120975
-3.062298
-3.080831
-2.996436
-3.029971
-3.019987
-2.950534
-2.992718
-2.986704
-2.93172
-2.965991
-2.95295
-3.049229
-3.14254
-3.217607
-3.168511
-3.22773
-3.334158
-3.401498
-3.439603
-3.510445
-3.549159
-3.544104
-3.614871
-3.740894
-3.679699
-3.654859
-3.679073
-3.687646
-3.677393
-3.702526
-3.691796
-3.744725
-3.855682
-3.875269
-3.935888
-3.893853
-3.845768
-3.874011
-3.828284
-3.832966
-3.873634
-3.76334
-3.701752
-3.756459
-3.739003
-3.707247
-3.738053
-3.684984
-3.752049
-3.740817
-3.788562
-3.797698
-3.847427
-3.820255
-3.822628
-3.844944
-3.86131
-3.903246
-3.930353
-3.97811
-3.945378
-3.946294
-3.999682
-3.891485
-3.749025
-3.706865
-3.743022
-3.743225
-3.798219
-3.720049
-3.688957
-3.667169
-3.754295
-3.70817
-3.553382
-3.501692
-3.506479
-3.438291
-3.378349
-3.377738
-3.34664
-3.240955
-3.231706
-3.165518
-3.146825
-3.117756
-3.025578
-2.960121
-2.990678
-2.989673
-3.05659
-3.060242
-2.915579
-2.934259
-3.000061
-3.020593
-2.958688
-2.98293
-2.991759
-2.999657
-3.091346
-3.122244
-3.102766
-2.926538
-2.95647
-3.003241
-3.095968
-3.137289
-3.075621
-3.094431
-3.052497
-3.134804
-3.084464
-2.976601
-2.975308
-2.911037
-2.860821
-2.936058
-2.881593
-2.896518
-2.896347
-2.930522
-2.864845
-2.840547
-2.852771
-2.88301
-2.817933
-2.757548
-2.792246
-2.669548
-2.633743
-2.655316
-2.630566
-2.574749
-2.496086
-2.532367
-2.542809
-2.492102
-2.473886
-2.510729
-2.442417
-2.358424
-2.272198
-2.182333
-2.213696
-2.288636
-2.263628
-2.29498
-2.234356
-2.302465
-2.269119
-2.274751
-2.33459
-2.362684
-2.363649
-2.313822
-2.460491
-2.415617
-2.39392
-2.398394
-2.407952
-2.472159
-2.57102
-2.540323
-2.482799
-2.566176
-2.538179
-2.5219
-2.48067
-2.451562
-2.455191
-2.373196
-2.367706
-2.293394
-2.308795
-2.348264
-2.374124
-2.343183
-2.363581
-2.355837
-2.275134
-2.313917
-2.37198
-2.424042
-2.456193
-2.47148
-2.48054
-2.451878
-2.461171
-2.47378
-2.479809
-2.434159
-2.383147
-2.434952
-2.292016
-2.302853
-2.28201
-2.202812
-2.267546
-2.242313
-2.203631
-2.304066
-2.325902
-2.258669
-2.30717
-2.210845
-2.189072
-2.150285
-2.203948
-2.240861
-2.269832
-2.28074
-2.29389
-2.197067
-2.13358
-2.121778
-2.132941
-2.077395
-2.117849
-1.941454
-1.948762
-1.879502
-1.938399
-2.091932
-2.016463
-1.972418
-2.014559
-2.010238
-2.043165
-1.993694
-2.040738
-1.961795
-1.942815
-1.91127
-1.937368
-2.033679
-2.051879
-1.998854
-2.066558
-1.945239
-1.972112
-2.0271
-2.020045
-1.957434
-2.058123
-2.130952
-2.159836
-2.133501
-2.140425
-2.23357
-2.318957
-2.299781
-2.367572
-2.415275
-2.478255
-2.464877
-2.466308
-2.490516
-2.440113
-2.451917
-2.453391
-2.438254
-2.449438
-2.482517
-2.429558
-2.455082
-2.428015
-2.402565
-2.376057
-2.386688
-2.321676
-2.256827
-2.201006
-2.127078
-2.079877
-2.101291
-2.06325
-1.993181
-1.977756
-2.025818
-2.05849
-2.070769
-2.046875
-2.170764
-2.157776
-2.194123
-2.193564
-2.224183
-2.260928
-2.300506
-2.316486
-2.308265
-2.255353
-2.234474
-2.219167
-2.264043
-2.139148
-2.201208
-2.205996
-2.264041
-2.253459
-2.23034
-2.14012
-2.163315
-2.147385
-2.099717
-2.182468
-2.177849
-2.298589
-2.346386
-2.377476
-2.417877
-2.481945
-2.507463
-2.496381
-2.491126
-2.502369
-2.603843
-2.540635
-2.5926
-2.573612
-2.462505
-2.375141
-2.452975
-2.446906
-2.446828
-2.443798
-2.434578
-2.433206
-2.435541
-2.325252
-2.295605
-2.311447
-2.368537
-2.392684
-2.41769
-2.342351
-2.40646
-2.510039
-2.465914
-2.471012
-2.471192
-2.447353
-2.481581
-2.352484
-2.345449
-2.292788
-2.308522
-2.359533
-2.421235
-2.337618
-2.412884
-2.454773
-2.497828
-2.420863
-2.340481
-2.330588
-2.302731
-2.379061
-2.389616
-2.354438
-2.364205
-2.214153
-2.163707
-2.095332
-2.034027
-2.098301
-2.307935
-2.300824
-2.249067
-2.274591
-2.186447
-2.195198
-2.195192
-2.30874
-2.273488
-2.291116
-2.183345
-2.229497
-2.235118
-2.201714
-2.243377
-2.199687
-2.198429
-2.183238
-2.173688
-2.129821
-2.102681
-2.038968
-2.131169
-2.116763
-2.193577
-2.219303
-2.284568
