0.4319981
0.4416312
0.4770565
0.4862824
0.4996479
0.4998411
0.4896379
0.5130347
0.5077893
0.4793578
0.5003841
0.5033281
0.5336143
0.5151756
0.5070919
0.5123355
0.5083314
0.5088524
0.5089946
0.4973742
0.5134109
0.4973083
0.5017075
0.460628
0.4692485
0.4719749
0.5036019
0.5272959
0.5142425
0.5128986
0.5157472
0.5060513
0.4999241
0.4912617
0.4844159
0.4788048
0.4761427
0.4658105
0.4799538
0.4684881
0.4953894
0.5157068
0.4903139
0.5002988
0.5132235
0.5033866
0.4953573
0.50778
0.5119628
0.4757618
0.4775999
0.4752371
0.4757422
0.4628665
0.4735311
0.5087402
0.5296663
0.5281972
0.5190327
0.4962376
0.5031294
0.4972578
0.5043631
0.4866683
0.4902191
0.502177
0.5178361
0.4865465
0.4970477
0.4831384
0.5047268
0.4910646
0.4991081
0.485997
0.5199708
0.5095609
0.5247428
0.5294361
0.5394149
0.5299494
0.5086073
0.5126709
0.5077946
0.4983915
0.4928712
0.5007961
0.4940703
0.5041054
0.4941858
0.4833615
0.4849744
0.4633881
0.481714
0.4913209
0.5096693
0.4931269
0.4801108
0.4910911
0.4892008
0.472883
0.4799683
0.4951822
0.4762443
0.4712829
0.4708288
0.4706541
0.4820386
0.4858127
0.505124
0.5191317
0.5381095
0.5383584
0.543201
0.5688496
0.5531271
0.5506127
0.5527463
0.5475149
0.5321041
0.5063074
0.5183467
0.534745
0.5109288
0.5300355
0.5241115
0.5110525
0.5264559
0.525526
0.5397356
0.5247162
0.5182605
0.5085809
0.5048181
0.5022585
0.5041967
0.484347
0.5082122
0.5323249
0.5208253
0.5476945
0.5055995
0.5068272
0.4884369
0.4933506
0.4716779
0.5115565
0.4953186
0.491007
0.5143552
0.532179
0.5097964
0.5145628
0.5103807
0.5249444
0.5165317
0.5171863
0.546691
0.5528366
0.5466754
0.5483688
0.5313566
0.5608692
0.5469883
0.5001866
0.4920084
0.5066286
0.5132552
0.4860577
0.500742
0.5091258
0.5029792
0.51712
0.503152
0.4820138
0.4704687
0.4800695
0.4863748
0.4981884
0.5175222
0.5149513
0.5128903
0.501327
0.5094833
0.5250346
0.5312253
0.5312064
0.5180582
0.5224345
0.5243897
0.5367972
0.5513613
0.5585979
0.5460286
0.5620544
0.5313436
0.5538273
0.5423071
0.5456288
0.5557764
0.5308226
0.5405132
0.5279782
0.5075813
0.4786701
0.4906193
0.5133042
0.4937179
0.5124597
0.5257112
0.4975462
0.5044037
0.5179986
0.5424177
0.5079983
0.5185501
0.5284495
0.5526171
0.5156414
0.530581
0.5450173
0.5547105
0.5241282
0.5018
0.5070121
0.5261141
0.5088793
0.5323204
0.5308345
0.5526965
0.5592944
0.5194197
0.4947106
0.483588
0.469868
0.4949677
0.5027634
0.5120939
0.4877237
0.5288116
0.4911845
0.5250397
0.5303048
0.5174089
0.5226708
0.5019355
0.5118977
0.4978826
0.4989859
0.51643
0.5121832
0.511138
0.4965643
0.5031561
0.5054441
0.5441955
0.549379
0.5211124
0.4922579
0.4871531
0.5182493
0.5040693
0.5102142
0.479308
0.5079008
0.5119784
0.5145474
0.5047189
0.5151229
0.544744
0.5053951
0.5107183
0.4990416
0.5003593
0.5061645
0.528241
0.5266757
0.5395572
0.5369857
0.5205947
0.5180718
0.5210943
0.5297896
0.5385211
0.5699934
0.580917
0.5757428
0.600411
0.5663233
0.5231664
0.5284572
0.5106343
0.504553
0.5115606
0.4805703
0.4983723
0.4835996
0.5081465
0.5151338
0.5160085
0.4894177
0.5031339
0.530775
0.5399182
0.5221687
0.5169552
0.4997147
0.4981178
0.5153281
0.5230108
0.5217598
0.5242478
0.5186252
0.4937136
0.4923989
0.5088714
0.5184028
0.510549
0.4910379
0.5206921
0.5068042
0.484596
0.4997744
0.523571
0.5391752
0.5542689
0.5409515
0.5407018
0.5373003
0.5193795
0.5449035
0.5151531
0.5334637
0.5323422
0.5314756
0.5154432
0.4945725
0.4763371
0.4950985
0.5038186
0.511674
0.4953867
0.5024757
0.5339743
0.5282373
0.5311894
0.5241373
0.5260384
0.5322093
0.5354099
0.5102937
0.5375924
0.534361
0.5283009
0.5152745
0.5380522
0.5197921
0.5242861
0.5344937
0.5385725
0.5650132
0.5396825
0.5258878
0.5308275
0.540636
0.5511731
0.5257041
0.518336
0.5223618
0.5490626
0.5264444
0.5072469
0.4903149
0.5054874
0.4861162
0.51823
0.5306029
0.5128376
0.5217438
0.5248085
0.501856
0.5103472
0.5263351
0.5030739
0.5261893
0.5096638
0.5188271
0.5139914
0.5125654
0.5304873
0.5219356
0.5184075
0.5176531
0.5213557
0.4952115
0.5112069
0.5008869
0.5041277
0.5187419
0.5103722
0.5426482
0.5205124
0.4916155
0.491733
0.4663988
0.4696561
0.4779827
0.4940117
0.5125833
0.5296634
0.5441292
0.5528819
0.5324589
0.5432483
0.5286004
0.5200528
0.5050975
0.4824643
0.5133403
0.5028874
0.4822792
0.5233626
0.5171214
0.5197338
0.5367241
0.5306091
0.5031764
0.4955069
0.4881704
0.5101553
0.5181025
0.5245494
0.5440295
0.5291322
0.5173471
0.5085123
0.5358313
0.5702504
0.5568508
0.5341018
0.5468181
0.5754457
0.5836359
0.5851349
0.559488
0.5416799
0.5445766
0.5444808
0.5666998
0.5392402
0.5760277
0.5500979
0.5605613
0.5927104
0.57029
0.537184
0.5377207
0.5477637
0.5397179
0.527836
0.5688124
0.5590379
0.5446222
0.5172648
0.5136434
0.509893
0.4968237
0.5016304
0.5241687
0.5477563
0.5705806
0.5451019
0.5450023
0.5326359
0.5296369
0.5347572
0.5311374
0.5206954
0.5269356
0.5089386
0.5656982
0.5507286
0.5628942
0.5347526
0.5367491
0.5555632
0.5363195
0.5944956
0.5862502
0.5656344
0.5348793
0.5216161
0.5080504
0.4965518
0.5483144
0.5484147
0.5655334
0.54493
0.5557585
0.5768299
0.5437121
0.6020321
0.5416367
0.5585294
0.5504993
0.5528551
0.5325163
0.5290074
0.5226919
0.5089735
0.542885
0.5124927
0.506218
0.5099672
0.5146481
0.5626824
0.5468569
0.5236974
0.5333063
0.5390352
0.5526299
0.5745718
0.5668426
0.5535336
0.5280574
0.5269933
0.5193617
0.5232192
0.5206109
0.5080106
0.507326
0.4974718
0.5263858
0.5058053
0.5186667
0.5582798
0.5576763
0.546899
0.5364648
0.5495615
0.5611274
0.5546797
0.572218
0.5392264
0.5334016
0.5017435
0.5002558
0.5138978
0.5043837
0.5363327
0.5191168
0.5404865
0.562967
0.5637149
0.5482902
0.5374506
0.536003
0.5218441
0.5385552
0.5389287
0.5389166
0.5172664
0.5291673
0.5326347
0.5461778
0.5217753
0.5554805
0.5525891
0.5430572
0.5352419
0.5036025
0.5100764
0.5259762
0.4868352
0.4902564
0.5006392
0.5185722
0.4952524
0.4894284
0.4960224
0.5164972
0.5128877
0.5038436
0.5160129
0.5313737
0.5590864
0.5756238
0.5499811
0.5389113
0.5582373
0.5548078
0.5219882
0.5087365
0.4947646
0.4841995
0.514389
0.5321136
0.5345235
0.5151875
0.4976269
0.5120509
0.5165897
0.5345891
0.5345123
0.5329363
0.5285941
0.522692
0.557026
0.5408207
0.4964389
0.5119004
0.5322867
0.5376416
0.5304213
0.500092
0.5262991
0.5315607
0.5361718
0.5419922
0.5579746
0.5746699
0.5651562
0.5492332
0.5426081
0.5462991
0.5236536
0.5225663
0.5037167
0.5246209
0.5558629
0.5408013
0.5417212
0.537548
0.5208458
0.5304887
0.5332139
0.5132985
0.5181002
0.5436562
0.5316098
0.5494615
0.5125978
0.5411041
0.5403373
0.5430682
0.5618551
0.5396139
0.5439602
0.5555763
0.5094746
0.5256729
0.5148215
0.5105582
0.5293882
0.5275452
0.500793
0.5239546
0.5427588
0.5366338
0.5505692
0.5603476
0.5579454
0.5000879
0.5199014
0.5311673
0.5447459
0.5500443
0.5210531
0.5238479
0.5266735
0.53068
0.5201924
0.4933686
0.5099472
0.4925283
0.4950407
0.4879345
0.5038295
0.5282094
0.512688
0.5110102
0.5092991
0.5210546
0.5305361
0.536178
0.5299326
0.5038438
0.5106221
0.5256393
0.5545701
0.5763753
0.5584622
0.536833
0.5084386
0.506901
0.5552473
0.5527875
0.5554065
0.5480884
0.5438164
0.5308187
0.5146474
0.5534491
0.5568245
0.5745147
0.5575103
0.5684959
0.5542913
0.5334052
0.5373698
0.5311465
0.5334343
0.5024265
0.5598339
0.5634431
0.5670316
0.5554768
0.55952
0.5931399
0.575979
0.5511702
0.5381342
0.549472
0.5505726
0.5387609
0.5235192
0.5387292
0.5575165
0.5406226
0.5472478
0.558832
0.5812476
0.5564749
0.536872
0.5405173
0.5442846
0.5115705
0.520853
0.5096607
0.5416185
0.5099263
0.4987884
0.5579119
0.5474906
0.5050179
0.5036795
0.5228612
0.5062359
0.5271898
0.5329025
0.5524985
0.5506384
0.5556853
0.5514081
0.5241936
0.535559
0.5249342
0.5532705
0.5519384
0.5382765
0.5436941
0.5505654
0.5324824
0.5504307
0.5108767
0.5200403
0.5064536
0.5160399
0.5216066
0.5089386
0.5258144
0.5101593
0.5030424
0.5282604
0.5496329
0.5809635
0.5754399
0.5527782
0.5235366
0.5314057
0.5054075
0.5182362
0.5189499
0.5115446
0.5289577
0.5206254
0.4965437
0.5180288
0.507371
0.5355613
0.5064425
0.5199722
0.4804878
0.5292104
0.4938205
0.492147
0.5038153
0.5271366
0.5175939
0.5127619
0.5153348
0.5332657
0.5276299
0.5178871
0.4876951
0.525731
0.5274265
0.535078
0.5399639
0.5151832
0.5052612
0.5079868
0.4923539
0.4890838
0.490327
0.4990202
0.5071132
0.4970589
0.5316204
0.5422641
0.5201428
0.506994
0.5132031
0.5196088
0.5125128
0.5464892
0.5216652
0.5329409
0.5262728
0.5249937
0.5390933
0.5283484
0.5280385
0.5381746
0.5461154
0.5609014
0.5498603
0.5522943
0.5629263
0.580358
0.5724148
0.5615326
0.5566371
0.5539071
0.5186021
0.5334862
0.5099192
0.5485369
0.5235895
0.4997594
0.5183898
0.5125924
0.5237193
0.524208
0.5177668
0.5333621
0.5138568
0.5029983
0.5023906
0.4839633
0.4895531
0.492131
0.5020638
0.5251024
0.5220486
0.4966726
0.5278342
0.5287171
0.5016164
0.5137997
0.5321102
0.4968749
0.5111891
0.5101618
0.4885219
0.5056084
0.4933626
0.5231167
0.5032475
0.4906816
0.510008
0.498601
0.4888203
0.5019082
0.534921
0.5312607
0.5334741
0.5454525
0.5161314
0.5129731
0.4948167
0.4885547
0.4852118
0.4745076
0.508054
0.5076846
0.5299578
0.555678
0.488954
0.5135983
0.4847166
0.5125107
0.4882972
0.517087
0.5326201
0.5307972
0.5304738
0.5090819
0.5112353
0.5039542
0.5119352
0.5013073
0.5111206
0.5047407
0.5310008
0.510732
0.5189139
0.4818187
0.5085937
0.4802052
0.482489
0.4795003
0.5113534
0.5144011
0.5202817
0.4873595
0.4967369
0.51277
0.5239585
0.5356042
0.518186
0.5279106
0.529921
0.4983072
0.5002348
0.4983457
0.5087999
0.5072613
0.4944249
0.469037
0.4827521
0.4848682
0.5048425
0.4884906
0.4965847
0.5124834
0.4900476
0.5145122
0.5410349
0.552984
0.55012
0.5537339
0.52474
0.4920553
0.508572
0.5219526
0.4963416
0.5045836
0.5030143
0.4886079
0.5154497
0.5142509
0.4813499
0.4810163
0.5026668
0.4808295
0.5019215
0.4944313
0.4919371
0.4918784
0.4897073
0.5081374
0.4896081
0.4836619
0.4809784
0.4895802
0.4853653
0.474917
0.4492815
0.4526781
0.468604
0.4760896
0.4883226
0.5032215
0.5262582
0.510648
0.4836562
0.5177046
0.4976279
0.5260485
0.5185459
0.5330514
0.5430827
0.5109974
0.5234586
0.5101857
0.5119276
0.5213024
0.477966
0.4960482
0.4749298
0.5185321
0.5086705
0.5143568
0.512343
0.4916348
0.5133161
0.4938389
0.5048259
0.5038143
0.508327
0.5214942
0.5095399
0.5240694
0.5190394
0.5344593
0.536931
0.5388115
0.4855135
0.4794839
0.502135
0.5064629
0.4894425
0.4877444
0.516958
0.5123876
0.5119058
0.4875928
0.5006539
0.5112787
0.4992513
0.4951339
0.4917852
0.4952788
0.4884802
0.4992073
0.5258818
0.525459
0.4984001
0.4987665
0.500799
0.5157929
0.5042824
0.5060122
0.5224609
0.50523
0.5469384
0.5334858
0.5093693
0.475948
0.5012621
0.5082636
0.5075771
0.4964888
0.523275
0.516626
0.5172688
0.4911407
0.4898352
0.459738
0.4520775
0.4755423
0.4914831
0.5164728
0.5286472
0.5124056
0.5247321
0.491393
0.4794108
0.5008492
0.5261611
0.5275236
0.525925
0.5278083
0.520576
0.534138
0.5223578
0.5007135
0.5010807
0.5131735
0.528477
0.5343142
0.5093884
0.5113323
0.5256716
0.4887216
0.5125787
0.5405751
0.501316
0.5198801
0.5051666
0.5053158
0.5014592
0.5052377
0.4817271
0.4743514
0.4933695
0.5151409
0.4974769
0.5182335
0.5222273
0.5410924
0.541413
0.5367325
0.5189339
0.5173425
0.5080491
0.4890685
0.4953576
0.5149473
0.5116193
0.505783
0.5258797
0.4800645
0.5052256
0.4952145
0.4914666
0.47667
0.482469
0.4689811
0.4728883
0.5107102
0.5234663
0.5014817
0.4933267
0.5201222
0.5113806
0.5288874
0.5307828
0.5303958
0.5195399
0.530261
0.4986442
0.4962819
0.5103418
0.5072437
0.5104599
0.4984581
0.5063071
0.499426
0.5392686
0.5510251
0.5097868
0.4726075
0.464399
0.5031651
0.5059793
0.5223363
0.5045535
0.5217646
0.4944223
0.5113325
0.5275516
0.4971197
0.4860672
0.4887109
0.5029349
0.53417
0.5313086
0.5585036
0.5451658
0.5240099
0.5391856
0.5281848
0.5182376
0.5019344
0.5070526
0.518288
0.5057564
0.5056692
0.5192839
0.5050843
0.4867637
0.4824784
0.5001048
0.5112178
0.4971688
0.5225673
0.4929948
0.4980119
0.5104212
0.5290122
0.5102896
0.5226563
0.5216026
0.5022747
0.4873142
0.4959834
0.5304595
0.5255762
0.5493
0.5401457
0.5341435
0.4906069
0.5045248
0.5169366
0.5321734
0.5237357
0.518117
0.5413987
0.5124249
0.510749
0.5139758
0.5146988
0.5202753
0.5350133
0.4936665
0.5045696
0.5231515
0.5204372
0.5094305
0.4856943
0.4821554
0.5139768
0.4854966
0.4897216
0.5003468
0.5326163
0.5154316
0.5344074
0.5225159
0.5259511
0.5514093
0.5258485
0.5063406
0.5120084
0.5136861
0.5179355
0.5303134
0.5513921
0.5594344
0.5518813
0.5052167
0.528162
0.5003316
0.4891643
0.4933138
0.4910666
0.517042
0.5088284
0.5381404
0.5017996
0.5189309
0.5234314
0.5430139
0.5233006
0.4916607
0.4857943
0.4994465
0.5133048
0.5336977
0.5364765
0.525131
0.5308238
0.4936145
0.5110634
0.5289785
0.5403462
0.5022855
0.5073281
0.5039064
0.5157639
0.5138909
0.4932804
0.4929357
0.4884036
0.485506
0.4974183
0.4969424
0.5274518
0.503891
0.493828
0.4904623
0.5181634
0.5414985
0.5294841
0.5283596
0.548235
0.5503957
0.5383688
0.5321832
0.5242531
0.5475865
0.5124198
0.5171875
0.5005686
0.5114822
0.4988052
0.5386675
0.5230388
0.5120878
0.4960685
0.4980809
0.4934744
0.5032938
0.523245
0.5005082
0.5216899
0.5196851
0.5220016
0.5070382
0.5334077
0.5263468
0.4802571
0.479026
0.489414
0.5099925
0.5336711
0.5208528
0.5120414
0.5042419
0.5298891
0.5147813
0.5449676
0.5418646
0.5307003
0.5245445
0.5678001
0.544416
0.555956
0.5267792
0.5442294
0.5348897
0.5396968
0.5540828
0.5741012
0.5713318
0.5511013
0.5119877
0.4691487
0.4767148
0.4993135
0.4953286
0.4858568
0.5035316
0.4992231
0.4985426
0.5053923
0.5115129
0.4985277
0.4893966
0.5040321
0.4976028
0.5180385
0.5260846
0.5283432
0.5367087
0.545189
0.5490255
0.5021942
0.5103236
0.5063954
0.4959663
0.5112945
0.5143771
0.4817917
0.458817
0.4843802
0.4770265
0.4893634
0.5208852
0.5239829
0.5298288
0.5512286
0.5124489
0.5154313
0.5314419
0.5346754
0.5552904
0.5607322
0.5404953
0.533346
0.5343176
0.52732
0.5470052
0.5175606
0.5019464
0.5039882
0.5197848
0.4965677
0.4755291
0.510384
0.5267035
0.5185107
0.5138752
0.5117721
0.4916385
0.5059924
0.5106873
0.5000031
0.5040279
0.5364247
0.5241601
0.5310971
0.5092412
0.5168349
0.5112046
0.5012895
0.4930942
0.4940295
0.5569277
0.5381573
0.4982002
0.5341876
0.5303324
0.5427633
0.5088351
0.5465001
0.4977828
0.5160321
0.5201114
0.5136907
0.5407384
0.5257322
0.515464
0.5257558
0.5093636
0.5154532
0.5208941
0.5326957
0.5288754
0.5433684
0.5630993
0.5528672
0.5398649
0.5591286
0.5542744
0.5338895
0.5139286
0.5248887
0.5281529
0.5504482
0.5340184
0.5498776
0.5274865
0.5446769
0.5537804
0.5546741
0.5531135
0.5395007
0.5212828
0.5257804
0.5203395
0.5029378
0.4992499
0.5134648
0.4919694
0.4928306
0.4796418
0.4883585
0.4576715
0.4774178
0.4867512
0.5134418
0.538331
0.5239354
0.5130784
0.5321405
0.4963182
0.5068855
0.5266226
0.5229764
0.5456396
0.5092978
0.4842856
0.5116602
0.4931261
0.496137
0.5029053
0.4977124
0.4909358
0.51179
0.5158435
0.4844369
0.4897289
0.5118431
0.5472118
0.5329641
0.5349363
0.5216456
0.5410912
0.5368655
0.5379407
0.5500955
0.5246611
0.5347979
0.5358871
0.5285972
0.5094591
0.5165236
0.5159204
0.4874319
0.4973311
0.4908991
0.5350272
0.5420104
0.543122
0.5189116
0.5128014
0.5184841
0.5454413
0.5312342
0.5356455
0.5193287
0.5271309
0.5291891
0.5399138
0.5318753
0.5433359
0.5185766
0.539
0.5366989
0.523873
0.5309546
0.5252853
0.530295
0.5347892
0.5363478
0.5331745
0.5244949
0.5187581
0.5306054
0.5260654
0.5389875
0.4945952
0.4908689
0.4909768
0.5163
0.4883828
0.4975329
0.5131857
0.5080389
0.4880201
0.5175139
0.5562012
0.547424
0.5524475
0.5127579
0.5178051
0.5340027
0.5192634
0.5341437
0.5315094
0.5565834
0.5593094
0.5701806
0.5596596
0.5415875
0.5546524
0.5644271
0.5247919
0.5147764
0.5101176
0.5159259
0.5063105
0.5029502
0.5293581
0.5192051
0.5476778
0.5201947
0.5256791
0.5279495
0.510203
0.5229059
0.5310796
0.5098827
0.5250782
0.5029345
0.500245
0.5370055
0.5204144
0.5291724
0.5007661
0.4981871
0.493567
0.5015927
0.521194
0.5225486
0.5142094
0.5359522
0.579811
0.5450503
0.5209804
0.5157619
0.5238341
0.5062018
0.5095147
0.5175219
0.5057582
0.5012276
0.5262071
0.5374233
0.5220686
0.5522415
0.5259976
0.5248253
0.5370771
0.5314669
0.5303398
0.5190994
0.5239229
0.5419323
0.5496762
0.550835
0.5592255
0.5609838
0.5124503
0.4787861
0.5075332
0.5226135
0.5151644
0.5252568
0.5234456
0.5204253
0.5255721
0.5454161
0.5177192
0.5570668
0.5579775
0.5064819
0.541125
0.5226461
0.5339576
0.5370498
0.5458341
0.5437408
0.5640592
0.5562633
0.5330799
0.5301717
0.5309546
0.5355652
0.5589628
0.5565415
0.5512752
0.5107567
0.5273338
0.5241308
0.5226091
0.5478587
0.5466627
0.5687221
0.5383471
0.5499366
0.5220284
0.5295679
0.5231639
0.5527976
0.5017582
0.5176772
0.5378839
0.5387505
0.5082187
0.519796
0.5351321
0.5555385
0.5539768
0.5612051
0.5365766
0.5427201
0.5300561
0.5404338
0.5661042
0.5177862
0.5067752
0.520232
0.5349665
0.548826
0.5610339
0.5203395
0.5168881
0.5331986
0.5489631
0.5540293
0.5500743
0.5170498
0.5372254
0.5504029
0.500567
0.5281632
0.5426208
0.5364965
0.5231903
0.5068278
0.5436097
0.5674999
0.5444414
0.5148003
0.4980994
0.4990816
0.4863924
0.4796643
0.5039118
0.5093488
0.5205377
0.5276735
0.5133018
0.5490439
0.5664004
0.5512802
0.5113305
0.534933
0.5208425
0.5385877
0.5088598
0.5273398
0.5098868
0.509
0.5094213
0.5302542
0.5356636
0.5429818
0.5481864
0.5448661
0.5281802
0.5325792
0.5397752
0.5301236
0.5447952
0.5301797
0.5364347
0.52849
0.5449308
0.5490486
0.540897
0.5105417
0.5406191
0.498485
0.4805506
0.4854187
0.5136989
0.5181484
0.5163282
0.5592257
0.5548176
0.5638231
0.5447023
0.536367
0.5424731
0.5133074
0.533279
0.5689717
0.5759329
0.5531235
0.5510302
0.5319643
0.5169983
0.4949723
0.5196613
0.5077176
0.5078258
0.5029994
0.5128139
0.5024311
0.5397336
0.5336739
0.5282267
0.5499655
0.5369482
0.527902
0.5225952
0.5307935
0.5335015
0.5410921
0.5579899
0.5369293
0.5388267
0.5448272
0.5496238
0.5369561
0.5352144
0.5213674
0.5298174
0.535024
0.5284814
0.5370148
0.5383189
0.5460232
0.5222899
0.5476934
0.5670679
0.5494462
0.5194838
0.5226448
0.5284634
0.5378845
0.5516012
0.5245445
0.5252867
0.5375775
0.5450343
0.5642273
0.5511795
0.5201898
0.5028237
0.4785671
0.490766
0.5125758
0.5245772
0.5630799
0.5784685
0.5807996
0.5540776
0.5517369
0.5626816
0.5692285
0.5357483
0.4969193
0.5167305
0.524964
0.5084649
0.5122114
0.5054878
0.5069816
0.5061918
0.5125858
0.5638564
0.5615824
0.5573613
0.5489271
0.5362633
0.57538
0.5342952
0.5225183
0.5105281
0.5402502
0.5403915
0.5270543
0.5253577
0.5356757
0.5520357
0.543043
0.522278
0.5179252
0.5147969
0.4999452
0.5100371
0.5281371
0.5320444
0.5135508
0.5041221
0.5398621
0.5240684
0.569372
0.5500578
0.546884
0.5587936
0.5379943
0.5614637
0.5640644
0.5444189
0.5253748
0.4914514
0.5198913
0.5432941
0.5337843
0.535389
0.5195976
0.5213247
0.5104172
0.5242451
0.530799
0.5106537
0.5083884
0.5284687
0.5355146
0.5395608
0.5425597
0.5281849
0.5263351
0.5326081
0.5171059
0.5020172
0.5226342
0.5485329
0.5402012
0.5049496
0.4844935
0.5188074
0.5279483
0.551188
0.5159541
0.5519129
0.5497265
0.5549219
0.5564337
0.5449013
0.5240309
0.5405335
0.5547878
0.5516531
0.5409639
0.5468157
0.5538091
0.5318772
0.5521068
0.5637016
0.5421854
0.5314584
0.5473581
0.5389548
0.5193195
0.5476937
0.5266333
0.5203098
0.5176225
0.5017022
0.5061133
0.5469388
0.5303751
0.5210635
0.5777305
0.5792801
0.5777846
0.5591702
0.5635206
0.5524511
0.5805716
0.5738045
0.5617989
0.5752746
0.5711816
0.5596104
0.5708708
0.5440507
0.5196769
0.5211006
0.527927
0.5397292
0.5364092
0.5626236
0.5740406
0.5557848
0.5559634
0.5552357
0.5536655
0.5564651
0.5607214
0.5524346
0.5641918
0.5366183
0.5442675
0.4960413
0.5390217
0.5449855
0.5409796
0.549094
0.5173822
0.536868
0.5465622
0.525367
0.5256124
0.5049429
0.5066425
0.5103619
0.5413229
0.5112576
0.5387689
0.5231163
0.5194235
0.5326957
0.5389123
0.5264024
0.523075
0.53823
0.5275595
0.5460034
0.552473
0.5268696
0.5390894
0.5305151
0.5467798
0.527463
0.5159439
0.551886
0.5415787
0.509512
0.5282423
0.5543686
0.5298015
0.5180276
0.5174643
0.5164619
0.5405428
0.5332861
0.5608929
0.5277493
0.5130369
0.5336347
0.5480254
0.5256701
0.5107024
0.5601667
0.544464
0.5579253
0.5460881
0.5765607
0.5723764
0.5618393
0.5658443
0.5625077
0.5190571
0.5432734
0.5494772
0.5308014
0.5409014
0.5185323
0.5439367
0.5132304
0.5186884
0.5310535
0.5418128
0.548507
0.496302
0.5340524
0.5050323
0.5266178
0.5249633
0.5286176
0.5534016
0.5473955
0.5553829
0.5762195
0.5428726
0.5379031
0.5414695
0.5387236
0.5247205
0.5329537
0.55226
0.5392248
0.5180611
0.5399891
0.5142118
0.5391199
0.5822648
0.5505635
0.578592
0.5514965
0.547991
0.579311
0.53719
0.5393235
0.5287921
0.5337334
0.5310655
0.5438985
0.5263398
0.5386361
0.5509339
0.5266543
0.5120329
0.5103998
0.5240096
0.5158776
0.5272069
0.511066
0.5352585
0.5432697
0.5229931
0.5359947
0.5300644
0.5305798
0.5295566
0.5337997
0.5298767
0.50052
0.5222391
0.5097302
0.5166256
0.4969622
0.5038856
0.5114892
0.5555543
0.553546
0.5483603
0.5024004
0.5175392
0.5205545
0.4837397
0.5003431
0.4854519
0.4845925
0.4916332
0.4859877
0.5106476
0.5022346
0.4903536
0.4863833
0.5086057
0.5161856
0.5134865
0.507685
0.5329747
0.5205497
0.5080741
0.5548609
0.5312148
0.5275857
0.5404468
0.5800425
0.5178658
0.5215034
0.5171407
0.5177746
0.4984196
0.4873016
0.4799628
0.5163954
0.5450637
0.5250085
0.4904642
0.4579468
0.4657661
0.490273
0.4708973
0.483015
0.5002751
0.5284883
0.5151081
0.5300872
0.5336241
0.5458323
0.5248689
0.5304622
0.5289379
0.5316998
0.531031
0.505869
0.5212764
0.5271481
0.511593
0.5277418
0.4951731
0.465034
0.4938373
0.522241
0.5402299
0.5156686
0.5029272
0.5178503
0.5344851
0.5046514
0.4941414
0.540038
0.5358314
0.5310365
0.524672
0.529315
0.5382374
0.4970256
0.5270814
0.4985191
0.5279527
0.5385818
0.5259935
0.5207636
0.5095423
0.5189495
0.5353756
0.5190068
0.5067683
0.503643
0.5337036
0.5461342
0.5176223
0.5147079
0.4881948
0.493705
0.5121281
0.5101156
0.5057788
0.5356507
0.5320875
0.5469349
0.5332356
0.5532433
0.5608302
0.5421428
0.5431728
0.5387639
0.5382139
0.5469457
0.5441366
0.5271558
0.5125562
0.5047106
0.5356961
0.5378199
0.509392
0.5047962
0.5155933
0.5221096
0.4965841
0.4894579
0.5150864
0.5157556
0.4990768
0.5301397
0.527599
0.5023943
